Subcategory,Mean Score,Diff Score
Topic Relevance,7.5,0.0
Topic Relevance,8.0,0.0
Topic Relevance,7.0,0.0
Topic Relevance,6.4,0.0
Topic Relevance,7.5,0.0
Topic Relevance,7.699999999999999,0.20000000000000018
Topic Relevance,8.0,0.0
Topic Relevance,7.5,0.0
Topic Relevance,8.0,0.0
Topic Relevance,7.5,0.0
Topic Relevance,7.0,0.0
Topic Relevance,8.0,0.0
Topic Relevance,7.75,-0.5
Topic Relevance,8.0,0.0
Topic Relevance,8.0,-1.0
Topic Relevance,7.5,0.0
Topic Relevance,7.5,0.0
Topic Relevance,7.5,0.0
Topic Relevance,8.0,0.0
Topic Relevance,7.5,0.0
Topic Relevance,7.5,0.0
Topic Relevance,7.5,0.0
Topic Relevance,7.75,-0.5
Topic Relevance,7.75,-0.5
Topic Relevance,8.0,0.0
Topic Relevance,8.0,0.0
Topic Relevance,7.25,0.5
Topic Relevance,8.0,0.0
Topic Relevance,7.5,0.0
Topic Relevance,6.5,0.0
Topic Relevance,7.5,0.0
Topic Relevance,7.5,0.0
Topic Relevance,7.75,-0.5
Topic Relevance,7.5,0.0
Topic Relevance,8.0,0.0
Topic Relevance,7.25,0.5
Topic Relevance,8.0,0.0
Topic Relevance,7.5,0.0
Topic Relevance,7.5,0.0
Topic Relevance,7.5,0.0
Topic Relevance,7.75,-0.5
Topic Relevance,7.5,0.0
Topic Relevance,7.5,0.0
Topic Relevance,8.0,0.0
Topic Relevance,7.5,0.0
Topic Relevance,7.5,0.0
Topic Relevance,8.0,0.0
Topic Relevance,4.0,0.0
Topic Relevance,7.5,0.0
Topic Relevance,8.0,0.0
Topic Relevance,8.0,-1.0
Topic Relevance,7.0,0.0
Topic Relevance,8.0,0.0
Topic Relevance,8.0,0.0
Topic Relevance,7.5,0.0
Topic Relevance,7.75,-0.5
Topic Relevance,7.5,0.0
Topic Relevance,7.5,0.0
Topic Relevance,8.0,0.0
Topic Relevance,7.75,-0.5
Topic Relevance,7.5,0.0
Topic Relevance,7.5,0.0
Topic Relevance,7.5,0.0
Topic Relevance,7.75,-0.5
Topic Relevance,7.5,0.0
Topic Relevance,8.0,0.0
Topic Relevance,8.0,-1.0
Topic Relevance,7.5,0.0
Topic Relevance,8.0,0.0
Topic Relevance,7.0,1.0
Topic Relevance,7.75,-0.5
Topic Relevance,7.5,0.0
Topic Relevance,7.5,0.5999999999999996
Topic Relevance,7.5,0.0
Topic Relevance,7.5,0.0
Topic Relevance,7.5,0.0
Topic Relevance,7.5,0.0
Topic Relevance,7.0,1.0
Topic Relevance,7.5,0.0
Topic Relevance,7.5,0.0
Topic Relevance,8.0,0.0
Topic Relevance,7.75,-0.5
Topic Relevance,7.5,0.0
Topic Relevance,7.5,0.0
Topic Relevance,7.5,0.0
Topic Relevance,8.0,0.0
Topic Relevance,7.5,0.0
Topic Relevance,7.5,0.0
Topic Relevance,8.0,0.0
Topic Relevance,6.5,0.0
Topic Relevance,8.0,0.0
Topic Relevance,7.75,-0.5
Topic Relevance,7.5,0.0
Topic Relevance,7.75,-0.5
Topic Relevance,7.5,0.0
Topic Relevance,7.5,0.0
Topic Relevance,7.75,-0.5
Topic Relevance,7.75,-0.5
Topic Relevance,7.699999999999999,0.20000000000000018
Topic Relevance,7.5,0.0
Topic Relevance,8.0,-1.0
Topic Relevance,7.75,-0.5
Topic Relevance,7.0,0.0
Topic Relevance,7.5,0.0
Topic Relevance,8.0,0.0
Topic Relevance,7.5,0.0
Topic Relevance,7.5,0.0
Topic Relevance,7.9,0.20000000000000018
Topic Relevance,7.5,0.0
Topic Relevance,7.75,-0.5
Topic Relevance,7.699999999999999,0.20000000000000018
Topic Relevance,8.0,0.0
Topic Relevance,7.5,0.0
Topic Relevance,7.5,0.0
Topic Relevance,7.5,0.0
Topic Relevance,7.5,0.0
Topic Relevance,7.75,-0.5
Topic Relevance,8.0,0.0
Topic Relevance,7.5,0.0
Topic Relevance,7.05,-0.9000000000000004
Topic Relevance,7.75,-0.5
Topic Relevance,7.75,-0.5
Topic Relevance,8.0,0.0
Topic Relevance,7.5,0.0
Topic Relevance,7.5,0.0
Topic Relevance,8.0,0.0
Topic Relevance,8.0,0.0
Topic Relevance,8.0,0.0
Topic Relevance,8.0,0.0
Topic Relevance,8.0,0.0
Topic Relevance,8.0,-1.0
Topic Relevance,7.5,0.0
Topic Relevance,7.75,-0.5
Topic Relevance,7.5,0.0
Topic Relevance,7.0,1.0
Topic Relevance,8.0,0.0
Topic Relevance,7.5,0.0
Topic Relevance,8.0,0.0
Topic Relevance,8.0,0.0
Topic Relevance,7.5,0.0
Topic Relevance,8.0,-1.0
Topic Relevance,7.5,0.0
Topic Relevance,7.5,0.0
Topic Relevance,7.5,0.0
Topic Relevance,8.0,-1.0
Topic Relevance,8.0,0.0
Topic Relevance,8.0,-1.0
Topic Relevance,7.5,0.0
Topic Relevance,8.0,0.0
Topic Relevance,7.5,0.0
Topic Relevance,8.0,0.0
Topic Relevance,7.75,-0.5
Topic Relevance,7.5,0.0
Topic Relevance,8.0,0.0
Topic Relevance,7.75,-0.5
Topic Relevance,7.75,-0.5
Topic Relevance,7.5,0.0
Topic Relevance,7.75,-0.5
Topic Relevance,7.75,-0.5
Topic Relevance,7.75,-0.5
Topic Relevance,8.0,0.0
Topic Relevance,7.25,-0.5
Topic Relevance,7.75,-0.5
Topic Relevance,7.5,0.0
Topic Relevance,7.5,0.0
Topic Relevance,7.5,0.0
Topic Relevance,7.75,-0.5
Topic Relevance,8.0,0.0
Topic Relevance,7.25,0.5
Topic Relevance,7.5,0.0
Topic Relevance,8.0,0.0
Topic Relevance,7.5,0.0
Topic Relevance,7.5,0.0
Topic Relevance,7.25,0.5
Topic Relevance,8.0,0.0
Topic Relevance,7.5,0.0
Topic Relevance,7.75,-0.5
Topic Relevance,7.75,-0.5
Topic Relevance,7.5,0.0
Topic Relevance,7.75,-0.5
Topic Relevance,7.75,-0.5
Topic Relevance,8.0,0.0
Topic Relevance,7.75,-0.5
Topic Relevance,7.5,0.0
Topic Relevance,7.5,-1.0
Topic Relevance,8.0,0.0
Topic Relevance,8.0,0.0
Topic Relevance,6.75,-0.5
Topic Relevance,7.5,0.0
Topic Relevance,7.5,0.0
Topic Relevance,7.5,0.0
Topic Relevance,7.0,1.0
Topic Relevance,7.0,1.0
Topic Relevance,7.75,-0.5
Topic Relevance,8.0,0.0
Topic Relevance,7.5,0.0
Topic Relevance,7.5,0.0
Topic Relevance,7.5,0.0
Topic Relevance,6.45,-0.09999999999999964
Topic Relevance,7.5,0.0
Topic Relevance,7.75,-0.5
Topic Relevance,8.0,0.0
Topic Relevance,7.75,-0.5
Topic Relevance,8.0,0.0
Topic Relevance,8.0,-1.0
Topic Relevance,7.5,0.0
Topic Relevance,7.25,-0.5
Topic Relevance,7.5,0.0
Topic Relevance,8.0,0.0
Topic Relevance,7.25,0.5
Topic Relevance,7.5,0.0
Topic Relevance,7.5,-1.0
Topic Relevance,8.0,0.0
Topic Relevance,7.5,0.0
Topic Relevance,7.5,0.0
Topic Relevance,7.5,0.0
Topic Relevance,7.75,-0.5
Topic Relevance,8.0,0.0
Topic Relevance,7.75,-0.5
Topic Relevance,7.5,0.0
Topic Relevance,8.0,0.0
Topic Relevance,7.5,0.0
Topic Relevance,7.25,-0.5
Topic Relevance,7.5,0.0
Topic Relevance,7.5,0.0
Topic Relevance,7.75,-0.5
Topic Relevance,7.75,-0.5
Topic Relevance,7.5,0.0
Topic Relevance,7.5,0.0
Topic Relevance,8.0,0.0
Topic Relevance,7.5,-1.0
Topic Relevance,7.0,0.0
Topic Relevance,8.0,0.0
Topic Relevance,7.0,1.0
Topic Relevance,8.0,0.0
Topic Relevance,7.5,0.0
Topic Relevance,7.5,0.0
Topic Relevance,7.0,1.0
Topic Relevance,7.5,0.0
Topic Relevance,8.0,0.0
Topic Relevance,7.5,0.0
Topic Relevance,7.75,-0.5
Topic Relevance,7.75,-0.5
Topic Relevance,7.5,0.0
Topic Relevance,7.5,0.0
Topic Relevance,8.0,-1.0
Topic Relevance,7.75,-0.5
Topic Relevance,7.75,-0.5
Topic Relevance,7.0,1.0
Topic Relevance,8.0,0.0
Topic Relevance,8.0,0.0
Topic Relevance,8.0,0.0
Topic Relevance,7.5,0.0
Topic Relevance,7.5,0.0
Topic Relevance,7.75,-0.5
Topic Relevance,7.5,0.0
Topic Relevance,8.0,0.0
Topic Relevance,8.0,0.0
Topic Relevance,7.5,0.0
Topic Relevance,8.0,-1.0
Topic Relevance,8.0,0.0
Topic Relevance,7.5,0.0
Topic Relevance,8.0,0.0
Topic Relevance,7.75,-0.5
Topic Relevance,7.75,-0.5
Topic Relevance,7.5,0.0
Topic Relevance,7.75,-0.5
Topic Relevance,7.75,-0.5
Topic Relevance,7.5,0.0
Topic Relevance,8.0,0.0
Topic Relevance,7.75,-0.5
Topic Relevance,7.5,0.0
Topic Relevance,8.0,0.0
Topic Relevance,8.0,0.0
Topic Relevance,7.5,0.0
Topic Relevance,7.5,0.0
Topic Relevance,7.75,-0.5
Topic Relevance,7.5,0.0
Topic Relevance,8.0,-1.0
Topic Relevance,7.5,0.0
Topic Relevance,8.0,-1.0
Topic Relevance,7.0,1.0
Topic Relevance,7.5,0.0
Topic Relevance,8.0,0.0
Topic Relevance,7.5,0.0
Topic Relevance,7.5,0.0
Topic Relevance,8.0,0.0
Topic Relevance,8.0,0.0
Topic Relevance,7.75,-0.5
Topic Relevance,7.5,0.0
Topic Relevance,7.25,0.5
Topic Relevance,7.5,0.0
Topic Relevance,7.5,0.0
Topic Relevance,7.5,0.0
Topic Relevance,7.5,0.0
Topic Relevance,7.5,-1.0
Topic Relevance,8.0,-1.0
Topic Relevance,7.5,0.0
Topic Relevance,7.25,0.5
Topic Relevance,7.5,0.0
Topic Relevance,7.5,0.0
Topic Relevance,7.75,-0.5
Topic Relevance,7.0,1.0
Topic Relevance,7.75,-0.5
Topic Relevance,7.5,0.0
Topic Relevance,7.5,0.0
Topic Relevance,7.75,-0.5
Topic Relevance,8.0,0.0
Topic Relevance,7.5,0.0
Topic Relevance,7.75,-0.5
Topic Relevance,7.5,0.0
Topic Relevance,7.75,-0.5
Topic Relevance,7.5,0.0
Topic Relevance,7.5,0.0
Topic Relevance,7.0,1.0
Topic Relevance,7.5,0.0
Topic Relevance,8.0,0.0
Topic Relevance,7.5,0.0
Topic Relevance,7.5,0.0
Topic Relevance,8.0,0.0
Topic Relevance,8.0,0.0
Topic Relevance,7.5,0.0
Topic Relevance,6.75,0.5
Topic Relevance,7.5,0.0
Topic Relevance,7.5,0.0
Topic Relevance,7.5,0.0
Topic Relevance,7.0,0.0
Topic Relevance,7.5,0.0
Topic Relevance,7.5,0.0
Topic Relevance,7.5,0.0
Topic Relevance,7.75,-0.5
Topic Relevance,7.5,0.0
Topic Relevance,7.5,0.0
Topic Relevance,7.75,-0.5
Topic Relevance,8.0,0.0
Topic Relevance,7.5,0.0
Topic Relevance,7.5,0.0
Topic Relevance,8.0,0.0
Topic Relevance,7.5,0.0
Topic Relevance,7.5,0.0
Topic Relevance,7.75,-0.5
Topic Relevance,7.5,0.0
Topic Relevance,7.75,-0.5
Topic Relevance,7.5,0.0
Topic Relevance,7.5,0.0
Topic Relevance,8.0,0.0
Topic Relevance,7.5,0.0
Topic Relevance,7.25,0.5
Topic Relevance,6.5,0.0
Topic Relevance,7.5,0.0
Topic Relevance,8.0,0.0
Topic Relevance,8.0,0.0
Topic Relevance,8.0,0.0
Topic Relevance,7.75,-0.5
Topic Relevance,8.0,0.0
Topic Relevance,7.5,0.0
Topic Relevance,7.5,0.0
Topic Relevance,4.0,0.0
Topic Relevance,7.5,0.0
Topic Relevance,7.5,0.0
Topic Relevance,7.5,0.0
Topic Relevance,8.0,0.0
Topic Relevance,7.75,-0.5
Topic Relevance,8.0,0.0
Topic Relevance,7.5,0.0
Topic Relevance,8.0,0.0
Topic Relevance,7.5,0.0
Topic Relevance,7.5,0.0
Topic Relevance,7.5,0.0
Topic Relevance,7.75,-0.5
Topic Relevance,7.5,0.0
Topic Relevance,7.5,0.0
Topic Relevance,8.0,0.0
Topic Relevance,7.25,0.5
Topic Relevance,7.5,0.0
Topic Relevance,7.5,0.0
Topic Relevance,8.0,0.0
Topic Relevance,7.5,0.0
Topic Relevance,7.75,-0.5
Topic Relevance,7.25,0.5
Topic Relevance,8.0,0.0
Topic Relevance,8.0,0.0
Topic Relevance,7.5,0.0
Topic Relevance,7.75,-0.5
Topic Relevance,8.0,0.0
Topic Relevance,8.0,-1.0
Topic Relevance,7.5,0.0
Topic Relevance,7.75,-0.5
Topic Relevance,8.0,0.0
Topic Relevance,7.5,0.0
Topic Relevance,7.5,0.0
Topic Relevance,7.5,0.0
Topic Relevance,7.5,0.0
Topic Relevance,7.5,0.0
Topic Relevance,7.0,1.0
Topic Relevance,8.0,0.0
Topic Relevance,7.5,0.0
Topic Relevance,8.0,0.0
Topic Relevance,7.75,-0.5
Topic Relevance,7.5,0.0
Topic Relevance,8.0,-1.0
Topic Relevance,7.25,0.5
Topic Relevance,7.5,0.0
Topic Relevance,7.5,0.0
Topic Relevance,7.75,-0.5
Topic Relevance,7.5,0.0
Topic Relevance,7.5,0.0
Topic Relevance,7.5,0.0
Topic Relevance,7.5,0.0
Topic Relevance,8.0,0.0
Topic Relevance,7.5,0.0
Topic Relevance,7.5,0.0
Topic Relevance,7.5,0.0
Topic Relevance,8.0,0.0
Topic Relevance,7.75,-0.5
Topic Relevance,7.0,1.0
Topic Relevance,7.75,-0.5
Topic Relevance,8.0,0.0
Topic Relevance,7.5,0.0
Topic Relevance,7.75,-0.5
Topic Relevance,7.5,0.0
Topic Relevance,8.0,0.0
Topic Relevance,7.5,0.0
Topic Relevance,7.25,0.5
Topic Relevance,7.5,0.0
Topic Relevance,7.75,-0.5
Topic Relevance,7.5,0.0
Topic Relevance,7.5,0.0
Topic Relevance,7.75,-0.5
Topic Relevance,8.0,0.0
Topic Relevance,7.5,0.0
Topic Relevance,8.0,0.0
Topic Relevance,8.0,0.0
Topic Relevance,7.75,-0.5
Topic Relevance,8.0,0.0
Topic Relevance,8.0,0.0
Topic Relevance,7.75,-0.5
Topic Relevance,8.0,0.0
Topic Relevance,7.5,0.0
Topic Relevance,7.5,0.0
Topic Relevance,7.0,0.0
Topic Relevance,7.699999999999999,0.20000000000000018
Topic Relevance,7.5,0.0
Topic Relevance,7.5,0.0
Topic Relevance,7.9,-0.20000000000000018
Topic Relevance,7.0,0.0
Topic Relevance,7.5,0.0
Topic Relevance,7.75,-0.5
Topic Relevance,8.0,0.0
Topic Relevance,7.5,0.0
Topic Relevance,8.0,0.0
Topic Relevance,8.0,0.0
Topic Relevance,7.75,-0.5
Topic Relevance,7.0,0.0
Topic Relevance,7.75,-0.5
Topic Relevance,7.75,-0.5
Topic Relevance,7.75,-0.5
Topic Relevance,7.75,-0.5
Topic Relevance,7.5,0.0
Topic Relevance,7.0,1.0
Topic Relevance,7.5,0.0
Topic Relevance,7.5,0.0
Topic Relevance,7.75,-0.5
Topic Relevance,8.0,0.0
Topic Relevance,7.5,0.0
Topic Relevance,8.0,0.0
Topic Relevance,7.5,0.0
Topic Relevance,7.5,0.0
Topic Relevance,8.0,0.0
Topic Relevance,8.0,0.0
Topic Relevance,8.0,0.0
Topic Relevance,8.0,0.0
Topic Relevance,7.75,-0.5
Topic Relevance,7.25,0.5
Topic Relevance,8.0,0.0
Topic Relevance,7.5,0.0
Topic Relevance,7.5,0.0
Topic Relevance,5.5,-1.0
Topic Relevance,7.5,0.0
Topic Relevance,7.75,-0.5
Topic Relevance,7.5,0.0
Topic Relevance,7.5,0.0
Topic Relevance,7.0,1.0
Topic Relevance,7.5,0.0
Topic Relevance,8.0,-1.0
Topic Relevance,7.75,-0.5
Topic Relevance,7.75,-0.5
Topic Relevance,7.5,0.0
Topic Relevance,7.75,-0.5
Topic Relevance,7.5,0.0
Topic Relevance,8.0,0.0
Topic Relevance,8.0,0.0
Topic Relevance,7.5,0.0
Topic Relevance,8.0,0.0
Topic Relevance,7.5,0.0
Topic Relevance,7.5,0.0
Topic Relevance,7.75,-0.5
Topic Relevance,7.5,0.0
Topic Relevance,8.0,0.0
Topic Relevance,8.0,0.0
Topic Relevance,7.5,0.0
Topic Relevance,7.5,0.0
Topic Relevance,8.0,-1.0
Topic Relevance,7.5,0.0
Topic Relevance,7.5,0.0
Topic Relevance,7.0,1.0
Topic Relevance,7.75,-0.5
Topic Relevance,7.5,0.0
Topic Relevance,7.75,-0.5
Topic Relevance,7.75,-0.5
Topic Relevance,7.5,0.0
Topic Relevance,7.75,-0.5
Topic Relevance,7.5,0.0
Topic Relevance,7.5,-1.0
Topic Relevance,7.0,1.0
Topic Relevance,8.0,0.0
Topic Relevance,8.0,0.0
Topic Relevance,8.0,0.0
Topic Relevance,7.5,0.0
Topic Relevance,7.5,0.0
Topic Relevance,7.75,-0.5
Topic Relevance,7.5,0.0
Topic Relevance,7.5,0.0
Topic Relevance,7.5,0.0
Topic Relevance,6.5,0.0
Topic Relevance,7.5,0.0
Topic Relevance,7.5,0.0
Topic Relevance,7.5,0.0
Topic Relevance,7.25,0.5
Topic Relevance,7.5,0.0
Topic Relevance,7.5,0.0
Topic Relevance,8.0,0.0
Topic Relevance,7.5,0.0
Topic Relevance,7.5,0.0
Topic Relevance,8.0,0.0
Topic Relevance,8.0,0.0
Topic Relevance,8.0,-1.0
Topic Relevance,8.0,-1.0
Topic Relevance,7.5,0.0
Topic Relevance,7.5,0.0
Topic Relevance,7.25,-0.5
Topic Relevance,7.5,0.0
Topic Relevance,7.0,0.40000000000000036
Topic Relevance,8.0,0.0
Topic Relevance,7.75,-0.5
Topic Relevance,7.75,-0.5
Topic Relevance,8.0,0.0
Topic Relevance,8.0,0.0
Topic Relevance,8.0,0.0
Topic Relevance,8.0,0.0
Comprehensiveness of Information,7.5,0.0
Comprehensiveness of Information,8.0,0.0
Comprehensiveness of Information,7.0,0.0
Comprehensiveness of Information,6.4,0.0
Comprehensiveness of Information,7.5,0.0
Comprehensiveness of Information,7.85,0.10000000000000053
Comprehensiveness of Information,8.0,0.0
Comprehensiveness of Information,7.5,0.0
Comprehensiveness of Information,8.0,0.0
Comprehensiveness of Information,7.5,0.0
Comprehensiveness of Information,7.0,0.0
Comprehensiveness of Information,8.0,0.0
Comprehensiveness of Information,8.0,-1.0
Comprehensiveness of Information,8.0,0.0
Comprehensiveness of Information,8.0,-1.0
Comprehensiveness of Information,7.5,0.0
Comprehensiveness of Information,7.5,0.0
Comprehensiveness of Information,8.0,0.0
Comprehensiveness of Information,8.0,0.0
Comprehensiveness of Information,7.5,0.0
Comprehensiveness of Information,7.5,0.0
Comprehensiveness of Information,7.5,0.0
Comprehensiveness of Information,7.75,-0.5
Comprehensiveness of Information,7.25,-0.5
Comprehensiveness of Information,8.0,0.0
Comprehensiveness of Information,8.0,0.0
Comprehensiveness of Information,7.25,0.5
Comprehensiveness of Information,8.0,0.0
Comprehensiveness of Information,8.0,-1.0
Comprehensiveness of Information,7.5,0.0
Comprehensiveness of Information,7.5,0.0
Comprehensiveness of Information,6.5,0.0
Comprehensiveness of Information,7.75,-0.5
Comprehensiveness of Information,7.5,0.0
Comprehensiveness of Information,8.0,0.0
Comprehensiveness of Information,7.0,1.0
Comprehensiveness of Information,8.0,0.0
Comprehensiveness of Information,7.5,0.0
Comprehensiveness of Information,7.5,0.0
Comprehensiveness of Information,7.5,0.0
Comprehensiveness of Information,7.75,-0.5
Comprehensiveness of Information,7.5,0.0
Comprehensiveness of Information,7.5,0.0
Comprehensiveness of Information,8.0,0.0
Comprehensiveness of Information,8.0,0.0
Comprehensiveness of Information,7.85,-1.2999999999999998
Comprehensiveness of Information,8.0,0.0
Comprehensiveness of Information,5.5,0.0
Comprehensiveness of Information,7.5,-1.0
Comprehensiveness of Information,8.0,0.0
Comprehensiveness of Information,7.0,-1.0
Comprehensiveness of Information,6.5,0.0
Comprehensiveness of Information,8.0,0.0
Comprehensiveness of Information,8.0,0.0
Comprehensiveness of Information,7.0,0.0
Comprehensiveness of Information,7.75,-1.5
Comprehensiveness of Information,7.75,-0.5
Comprehensiveness of Information,7.5,0.0
Comprehensiveness of Information,8.0,0.0
Comprehensiveness of Information,8.25,-0.5
Comprehensiveness of Information,7.5,0.0
Comprehensiveness of Information,7.5,0.0
Comprehensiveness of Information,7.5,0.0
Comprehensiveness of Information,7.25,-0.5
Comprehensiveness of Information,7.5,0.0
Comprehensiveness of Information,8.0,0.0
Comprehensiveness of Information,7.5,-1.0
Comprehensiveness of Information,7.5,0.0
Comprehensiveness of Information,8.0,0.0
Comprehensiveness of Information,7.0,1.0
Comprehensiveness of Information,7.0,-1.0
Comprehensiveness of Information,7.75,-0.5
Comprehensiveness of Information,7.5,0.1999999999999993
Comprehensiveness of Information,7.5,0.0
Comprehensiveness of Information,7.5,0.0
Comprehensiveness of Information,7.5,0.0
Comprehensiveness of Information,7.5,0.0
Comprehensiveness of Information,6.75,1.5
Comprehensiveness of Information,7.5,0.0
Comprehensiveness of Information,7.1,-0.20000000000000018
Comprehensiveness of Information,7.5,1.0
Comprehensiveness of Information,7.25,-1.5
Comprehensiveness of Information,7.5,0.0
Comprehensiveness of Information,7.5,0.0
Comprehensiveness of Information,7.5,0.0
Comprehensiveness of Information,8.0,0.0
Comprehensiveness of Information,8.0,0.0
Comprehensiveness of Information,7.5,0.0
Comprehensiveness of Information,8.0,0.0
Comprehensiveness of Information,6.5,0.0
Comprehensiveness of Information,8.0,0.0
Comprehensiveness of Information,7.75,-0.5
Comprehensiveness of Information,7.5,0.0
Comprehensiveness of Information,8.0,-1.0
Comprehensiveness of Information,7.5,0.0
Comprehensiveness of Information,7.5,0.0
Comprehensiveness of Information,7.25,-0.5
Comprehensiveness of Information,7.75,-1.5
Comprehensiveness of Information,7.800000000000001,0.20000000000000018
Comprehensiveness of Information,7.5,0.0
Comprehensiveness of Information,7.75,-1.5
Comprehensiveness of Information,7.0,-1.0
Comprehensiveness of Information,7.0,1.0
Comprehensiveness of Information,7.5,0.0
Comprehensiveness of Information,8.0,0.0
Comprehensiveness of Information,7.5,0.0
Comprehensiveness of Information,7.5,0.0
Comprehensiveness of Information,7.8,0.40000000000000036
Comprehensiveness of Information,7.5,0.0
Comprehensiveness of Information,8.0,-1.0
Comprehensiveness of Information,7.85,0.10000000000000053
Comprehensiveness of Information,8.0,0.0
Comprehensiveness of Information,7.5,0.0
Comprehensiveness of Information,7.5,0.0
Comprehensiveness of Information,7.5,0.0
Comprehensiveness of Information,7.5,0.0
Comprehensiveness of Information,7.5,-1.0
Comprehensiveness of Information,8.0,0.0
Comprehensiveness of Information,7.5,0.0
Comprehensiveness of Information,7.0,0.8000000000000007
Comprehensiveness of Information,7.25,0.5
Comprehensiveness of Information,7.75,-1.5
Comprehensiveness of Information,8.0,0.0
Comprehensiveness of Information,7.5,0.0
Comprehensiveness of Information,7.5,-0.5999999999999996
Comprehensiveness of Information,8.0,0.0
Comprehensiveness of Information,8.0,0.0
Comprehensiveness of Information,7.75,0.5
Comprehensiveness of Information,8.0,0.0
Comprehensiveness of Information,8.0,0.0
Comprehensiveness of Information,8.0,-1.0
Comprehensiveness of Information,7.5,0.0
Comprehensiveness of Information,7.75,-0.5
Comprehensiveness of Information,7.5,0.0
Comprehensiveness of Information,7.0,1.0
Comprehensiveness of Information,8.0,0.0
Comprehensiveness of Information,7.5,0.0
Comprehensiveness of Information,8.0,0.0
Comprehensiveness of Information,8.0,0.0
Comprehensiveness of Information,7.5,0.0
Comprehensiveness of Information,8.0,-1.0
Comprehensiveness of Information,7.5,0.0
Comprehensiveness of Information,7.5,0.0
Comprehensiveness of Information,7.5,0.0
Comprehensiveness of Information,7.25,-1.5
Comprehensiveness of Information,8.0,0.0
Comprehensiveness of Information,8.0,-1.0
Comprehensiveness of Information,7.5,0.0
Comprehensiveness of Information,8.0,0.0
Comprehensiveness of Information,7.5,0.0
Comprehensiveness of Information,8.0,0.0
Comprehensiveness of Information,7.75,-0.5
Comprehensiveness of Information,7.5,0.0
Comprehensiveness of Information,8.0,0.0
Comprehensiveness of Information,7.75,-0.5
Comprehensiveness of Information,8.0,-1.0
Comprehensiveness of Information,7.5,0.0
Comprehensiveness of Information,8.0,-1.0
Comprehensiveness of Information,8.0,-1.0
Comprehensiveness of Information,7.75,-1.5
Comprehensiveness of Information,8.0,0.0
Comprehensiveness of Information,7.25,-0.5
Comprehensiveness of Information,7.25,-1.5
Comprehensiveness of Information,7.5,0.0
Comprehensiveness of Information,7.5,0.0
Comprehensiveness of Information,7.5,0.0
Comprehensiveness of Information,7.75,-1.5
Comprehensiveness of Information,8.0,0.0
Comprehensiveness of Information,7.75,0.5
Comprehensiveness of Information,7.5,0.0
Comprehensiveness of Information,8.0,0.0
Comprehensiveness of Information,7.5,0.0
Comprehensiveness of Information,7.5,0.0
Comprehensiveness of Information,7.0,1.0
Comprehensiveness of Information,8.0,0.0
Comprehensiveness of Information,7.5,0.0
Comprehensiveness of Information,7.75,-0.5
Comprehensiveness of Information,7.25,-0.5
Comprehensiveness of Information,7.5,0.0
Comprehensiveness of Information,7.75,-0.5
Comprehensiveness of Information,8.0,-1.0
Comprehensiveness of Information,8.0,0.0
Comprehensiveness of Information,7.25,-0.5
Comprehensiveness of Information,7.5,0.0
Comprehensiveness of Information,8.0,-1.0
Comprehensiveness of Information,8.0,0.0
Comprehensiveness of Information,8.0,0.0
Comprehensiveness of Information,6.75,-0.5
Comprehensiveness of Information,7.5,0.0
Comprehensiveness of Information,7.5,0.0
Comprehensiveness of Information,7.5,0.0
Comprehensiveness of Information,6.5,1.0
Comprehensiveness of Information,7.5,1.0
Comprehensiveness of Information,7.75,-0.5
Comprehensiveness of Information,8.0,0.0
Comprehensiveness of Information,7.5,0.0
Comprehensiveness of Information,6.5,0.0
Comprehensiveness of Information,7.5,0.0
Comprehensiveness of Information,7.25,-0.09999999999999964
Comprehensiveness of Information,7.5,0.0
Comprehensiveness of Information,7.25,0.5
Comprehensiveness of Information,8.0,0.0
Comprehensiveness of Information,7.75,-0.5
Comprehensiveness of Information,8.0,0.0
Comprehensiveness of Information,8.0,-1.0
Comprehensiveness of Information,7.5,0.0
Comprehensiveness of Information,7.5,-1.0
Comprehensiveness of Information,7.5,0.0
Comprehensiveness of Information,8.0,0.0
Comprehensiveness of Information,7.25,0.5
Comprehensiveness of Information,7.0,0.40000000000000036
Comprehensiveness of Information,6.75,-1.5
Comprehensiveness of Information,8.0,0.0
Comprehensiveness of Information,7.5,0.0
Comprehensiveness of Information,7.5,0.0
Comprehensiveness of Information,7.75,0.09999999999999964
Comprehensiveness of Information,7.75,-0.5
Comprehensiveness of Information,8.0,0.0
Comprehensiveness of Information,7.75,-0.5
Comprehensiveness of Information,7.75,-0.5
Comprehensiveness of Information,8.0,0.0
Comprehensiveness of Information,7.5,0.0
Comprehensiveness of Information,6.75,-0.5
Comprehensiveness of Information,7.5,0.0
Comprehensiveness of Information,7.5,0.0
Comprehensiveness of Information,7.75,-0.5
Comprehensiveness of Information,7.75,-0.5
Comprehensiveness of Information,7.5,0.0
Comprehensiveness of Information,7.5,0.0
Comprehensiveness of Information,8.0,0.0
Comprehensiveness of Information,7.25,-1.5
Comprehensiveness of Information,7.0,0.0
Comprehensiveness of Information,8.0,0.0
Comprehensiveness of Information,7.0,1.0
Comprehensiveness of Information,8.0,0.0
Comprehensiveness of Information,7.5,0.0
Comprehensiveness of Information,7.5,0.0
Comprehensiveness of Information,6.75,1.5
Comprehensiveness of Information,7.5,0.0
Comprehensiveness of Information,8.0,0.0
Comprehensiveness of Information,7.5,0.0
Comprehensiveness of Information,7.75,-0.5
Comprehensiveness of Information,8.0,-1.0
Comprehensiveness of Information,7.5,0.0
Comprehensiveness of Information,7.5,0.0
Comprehensiveness of Information,8.0,-1.0
Comprehensiveness of Information,7.75,-1.5
Comprehensiveness of Information,8.0,-1.0
Comprehensiveness of Information,7.0,1.0
Comprehensiveness of Information,8.0,0.0
Comprehensiveness of Information,8.0,0.0
Comprehensiveness of Information,8.0,0.0
Comprehensiveness of Information,7.5,0.0
Comprehensiveness of Information,7.5,0.0
Comprehensiveness of Information,7.75,-0.5
Comprehensiveness of Information,7.5,0.0
Comprehensiveness of Information,7.95,-0.09999999999999964
Comprehensiveness of Information,8.0,0.0
Comprehensiveness of Information,7.5,0.0
Comprehensiveness of Information,7.5,-2.0
Comprehensiveness of Information,8.0,0.0
Comprehensiveness of Information,7.5,0.0
Comprehensiveness of Information,8.0,0.0
Comprehensiveness of Information,7.75,-0.5
Comprehensiveness of Information,8.0,-1.0
Comprehensiveness of Information,7.5,0.0
Comprehensiveness of Information,7.75,-1.5
Comprehensiveness of Information,7.75,-0.5
Comprehensiveness of Information,7.5,0.0
Comprehensiveness of Information,8.0,0.0
Comprehensiveness of Information,8.0,-1.0
Comprehensiveness of Information,7.5,0.0
Comprehensiveness of Information,8.0,0.0
Comprehensiveness of Information,8.0,0.0
Comprehensiveness of Information,7.5,0.0
Comprehensiveness of Information,7.5,0.0
Comprehensiveness of Information,7.75,-0.5
Comprehensiveness of Information,7.5,0.0
Comprehensiveness of Information,7.75,-0.5
Comprehensiveness of Information,7.5,0.0
Comprehensiveness of Information,8.0,-1.0
Comprehensiveness of Information,7.0,1.0
Comprehensiveness of Information,7.5,0.0
Comprehensiveness of Information,8.0,0.0
Comprehensiveness of Information,7.5,0.0
Comprehensiveness of Information,7.5,0.0
Comprehensiveness of Information,8.0,0.0
Comprehensiveness of Information,8.0,0.0
Comprehensiveness of Information,7.75,-0.5
Comprehensiveness of Information,7.5,0.0
Comprehensiveness of Information,7.75,0.5
Comprehensiveness of Information,7.5,0.0
Comprehensiveness of Information,7.5,0.0
Comprehensiveness of Information,7.5,0.0
Comprehensiveness of Information,7.5,-1.0
Comprehensiveness of Information,7.5,-1.0
Comprehensiveness of Information,8.0,-1.0
Comprehensiveness of Information,7.5,0.0
Comprehensiveness of Information,7.5,0.5999999999999996
Comprehensiveness of Information,7.5,0.0
Comprehensiveness of Information,7.5,0.0
Comprehensiveness of Information,7.75,-1.5
Comprehensiveness of Information,7.5,1.0
Comprehensiveness of Information,7.75,-1.5
Comprehensiveness of Information,7.5,0.0
Comprehensiveness of Information,7.5,0.0
Comprehensiveness of Information,8.25,-0.5
Comprehensiveness of Information,8.0,0.0
Comprehensiveness of Information,7.5,0.0
Comprehensiveness of Information,7.75,-0.5
Comprehensiveness of Information,7.5,0.0
Comprehensiveness of Information,7.75,-0.5
Comprehensiveness of Information,7.5,0.0
Comprehensiveness of Information,7.5,0.0
Comprehensiveness of Information,7.0,1.0
Comprehensiveness of Information,7.5,0.0
Comprehensiveness of Information,8.0,0.0
Comprehensiveness of Information,7.5,0.0
Comprehensiveness of Information,7.5,0.0
Comprehensiveness of Information,8.0,0.0
Comprehensiveness of Information,8.0,0.0
Comprehensiveness of Information,7.5,0.0
Comprehensiveness of Information,6.9,0.20000000000000018
Comprehensiveness of Information,7.5,-1.0
Comprehensiveness of Information,7.5,0.0
Comprehensiveness of Information,7.5,0.0
Comprehensiveness of Information,7.0,0.0
Comprehensiveness of Information,7.5,0.0
Comprehensiveness of Information,7.5,0.0
Comprehensiveness of Information,7.5,0.0
Comprehensiveness of Information,7.75,-0.5
Comprehensiveness of Information,7.5,0.0
Comprehensiveness of Information,7.5,0.0
Comprehensiveness of Information,7.75,-0.5
Comprehensiveness of Information,8.0,0.0
Comprehensiveness of Information,7.5,0.0
Comprehensiveness of Information,7.5,0.0
Comprehensiveness of Information,8.0,0.0
Comprehensiveness of Information,7.5,0.0
Comprehensiveness of Information,7.5,0.0
Comprehensiveness of Information,7.75,-0.5
Comprehensiveness of Information,7.5,0.0
Comprehensiveness of Information,8.0,-1.0
Comprehensiveness of Information,7.5,0.0
Comprehensiveness of Information,7.5,0.5999999999999996
Comprehensiveness of Information,8.0,0.0
Comprehensiveness of Information,7.5,0.0
Comprehensiveness of Information,7.75,0.5
Comprehensiveness of Information,6.5,0.0
Comprehensiveness of Information,7.5,0.0
Comprehensiveness of Information,8.0,0.0
Comprehensiveness of Information,8.0,0.0
Comprehensiveness of Information,8.0,0.0
Comprehensiveness of Information,8.0,-1.0
Comprehensiveness of Information,8.0,0.0
Comprehensiveness of Information,7.5,0.0
Comprehensiveness of Information,7.5,-1.0
Comprehensiveness of Information,6.0,0.0
Comprehensiveness of Information,7.5,0.0
Comprehensiveness of Information,7.5,0.0
Comprehensiveness of Information,7.5,0.0
Comprehensiveness of Information,8.0,0.0
Comprehensiveness of Information,7.75,-0.5
Comprehensiveness of Information,8.0,0.0
Comprehensiveness of Information,7.5,0.0
Comprehensiveness of Information,8.0,0.0
Comprehensiveness of Information,7.5,0.0
Comprehensiveness of Information,7.5,0.0
Comprehensiveness of Information,7.5,0.0
Comprehensiveness of Information,7.25,-0.5
Comprehensiveness of Information,7.5,0.0
Comprehensiveness of Information,7.5,0.0
Comprehensiveness of Information,8.0,0.0
Comprehensiveness of Information,7.25,0.5
Comprehensiveness of Information,7.5,0.0
Comprehensiveness of Information,7.5,0.0
Comprehensiveness of Information,8.0,0.0
Comprehensiveness of Information,7.5,0.0
Comprehensiveness of Information,7.75,-0.5
Comprehensiveness of Information,7.0,1.0
Comprehensiveness of Information,8.0,0.0
Comprehensiveness of Information,8.0,0.0
Comprehensiveness of Information,7.5,0.0
Comprehensiveness of Information,8.0,-1.0
Comprehensiveness of Information,8.0,0.0
Comprehensiveness of Information,7.5,-1.0
Comprehensiveness of Information,7.5,0.0
Comprehensiveness of Information,7.75,-1.5
Comprehensiveness of Information,8.0,0.0
Comprehensiveness of Information,7.5,0.0
Comprehensiveness of Information,7.5,0.0
Comprehensiveness of Information,7.5,0.0
Comprehensiveness of Information,7.5,0.0
Comprehensiveness of Information,7.5,0.0
Comprehensiveness of Information,7.0,1.0
Comprehensiveness of Information,8.0,0.0
Comprehensiveness of Information,7.5,0.5999999999999996
Comprehensiveness of Information,8.0,0.0
Comprehensiveness of Information,8.0,-1.0
Comprehensiveness of Information,7.5,0.0
Comprehensiveness of Information,8.0,-1.0
Comprehensiveness of Information,7.75,-0.5
Comprehensiveness of Information,7.5,0.0
Comprehensiveness of Information,7.5,0.0
Comprehensiveness of Information,7.75,-0.5
Comprehensiveness of Information,7.5,0.0
Comprehensiveness of Information,7.5,0.0
Comprehensiveness of Information,7.5,0.0
Comprehensiveness of Information,7.5,0.0
Comprehensiveness of Information,8.0,0.0
Comprehensiveness of Information,7.5,0.0
Comprehensiveness of Information,7.5,0.0
Comprehensiveness of Information,7.5,0.0
Comprehensiveness of Information,8.0,0.0
Comprehensiveness of Information,7.25,0.5
Comprehensiveness of Information,7.25,0.5
Comprehensiveness of Information,8.0,-1.0
Comprehensiveness of Information,8.0,0.0
Comprehensiveness of Information,7.5,0.0
Comprehensiveness of Information,7.75,-1.5
Comprehensiveness of Information,7.5,0.0
Comprehensiveness of Information,8.0,0.0
Comprehensiveness of Information,7.5,0.0
Comprehensiveness of Information,7.25,0.5
Comprehensiveness of Information,7.5,0.0
Comprehensiveness of Information,7.25,-0.5
Comprehensiveness of Information,7.5,0.0
Comprehensiveness of Information,7.0,0.0
Comprehensiveness of Information,8.0,-1.0
Comprehensiveness of Information,8.0,0.0
Comprehensiveness of Information,7.5,0.0
Comprehensiveness of Information,8.0,0.0
Comprehensiveness of Information,8.0,0.0
Comprehensiveness of Information,7.75,-0.5
Comprehensiveness of Information,8.0,0.0
Comprehensiveness of Information,8.0,0.0
Comprehensiveness of Information,7.5,-1.0
Comprehensiveness of Information,8.0,0.0
Comprehensiveness of Information,7.5,0.0
Comprehensiveness of Information,7.5,0.0
Comprehensiveness of Information,7.0,0.0
Comprehensiveness of Information,7.6,0.20000000000000018
Comprehensiveness of Information,7.5,0.0
Comprehensiveness of Information,7.5,0.0
Comprehensiveness of Information,7.8,-0.40000000000000036
Comprehensiveness of Information,6.5,0.0
Comprehensiveness of Information,7.5,0.0
Comprehensiveness of Information,8.0,-1.0
Comprehensiveness of Information,8.0,0.0
Comprehensiveness of Information,7.25,0.5
Comprehensiveness of Information,8.0,0.0
Comprehensiveness of Information,8.0,0.0
Comprehensiveness of Information,7.0,-1.0
Comprehensiveness of Information,7.0,0.0
Comprehensiveness of Information,7.75,-0.5
Comprehensiveness of Information,8.0,-1.0
Comprehensiveness of Information,7.75,-0.5
Comprehensiveness of Information,7.75,-0.5
Comprehensiveness of Information,7.5,0.0
Comprehensiveness of Information,7.0,1.0
Comprehensiveness of Information,7.5,0.0
Comprehensiveness of Information,7.5,0.0
Comprehensiveness of Information,7.25,-0.5
Comprehensiveness of Information,8.0,0.0
Comprehensiveness of Information,7.5,0.0
Comprehensiveness of Information,8.0,0.0
Comprehensiveness of Information,7.5,0.0
Comprehensiveness of Information,7.0,0.0
Comprehensiveness of Information,8.0,0.0
Comprehensiveness of Information,8.0,0.0
Comprehensiveness of Information,8.0,0.0
Comprehensiveness of Information,8.0,0.0
Comprehensiveness of Information,8.0,-1.0
Comprehensiveness of Information,7.0,1.0
Comprehensiveness of Information,8.0,0.0
Comprehensiveness of Information,7.5,0.0
Comprehensiveness of Information,6.5,0.0
Comprehensiveness of Information,5.5,-1.0
Comprehensiveness of Information,7.75,0.5
Comprehensiveness of Information,7.75,-0.5
Comprehensiveness of Information,7.5,0.0
Comprehensiveness of Information,7.5,0.0
Comprehensiveness of Information,7.0,1.0
Comprehensiveness of Information,7.5,0.0
Comprehensiveness of Information,8.25,-0.5
Comprehensiveness of Information,7.75,-0.5
Comprehensiveness of Information,7.25,-0.5
Comprehensiveness of Information,7.5,0.0
Comprehensiveness of Information,7.75,-1.5
Comprehensiveness of Information,7.25,0.5
Comprehensiveness of Information,8.0,0.0
Comprehensiveness of Information,8.0,0.0
Comprehensiveness of Information,7.5,0.0
Comprehensiveness of Information,8.0,0.0
Comprehensiveness of Information,7.5,0.0
Comprehensiveness of Information,7.5,0.0
Comprehensiveness of Information,8.0,-1.0
Comprehensiveness of Information,7.5,0.0
Comprehensiveness of Information,8.0,0.0
Comprehensiveness of Information,8.0,0.0
Comprehensiveness of Information,7.5,0.0
Comprehensiveness of Information,7.5,0.0
Comprehensiveness of Information,8.0,-1.0
Comprehensiveness of Information,7.5,0.0
Comprehensiveness of Information,7.5,0.0
Comprehensiveness of Information,7.0,1.0
Comprehensiveness of Information,7.75,-1.5
Comprehensiveness of Information,7.5,0.5999999999999996
Comprehensiveness of Information,8.0,-1.0
Comprehensiveness of Information,7.5,0.0
Comprehensiveness of Information,7.5,0.0
Comprehensiveness of Information,8.0,-1.0
Comprehensiveness of Information,7.5,0.0
Comprehensiveness of Information,7.75,-1.5
Comprehensiveness of Information,7.5,1.0
Comprehensiveness of Information,8.0,0.0
Comprehensiveness of Information,8.0,-1.0
Comprehensiveness of Information,8.0,0.0
Comprehensiveness of Information,7.5,0.0
Comprehensiveness of Information,7.5,0.0
Comprehensiveness of Information,8.0,-1.0
Comprehensiveness of Information,7.5,0.0
Comprehensiveness of Information,7.5,0.0
Comprehensiveness of Information,7.5,0.0
Comprehensiveness of Information,6.5,0.0
Comprehensiveness of Information,7.5,1.0
Comprehensiveness of Information,7.5,0.0
Comprehensiveness of Information,7.5,0.0
Comprehensiveness of Information,7.25,0.5
Comprehensiveness of Information,7.5,0.0
Comprehensiveness of Information,7.5,0.0
Comprehensiveness of Information,8.0,0.0
Comprehensiveness of Information,7.5,0.0
Comprehensiveness of Information,7.5,0.0
Comprehensiveness of Information,8.0,0.0
Comprehensiveness of Information,8.0,0.0
Comprehensiveness of Information,8.0,-1.0
Comprehensiveness of Information,8.25,-0.5
Comprehensiveness of Information,7.5,0.0
Comprehensiveness of Information,7.699999999999999,0.20000000000000018
Comprehensiveness of Information,7.25,-0.5
Comprehensiveness of Information,7.5,0.0
Comprehensiveness of Information,7.3,0.5999999999999996
Comprehensiveness of Information,8.0,-1.0
Comprehensiveness of Information,8.0,-1.0
Comprehensiveness of Information,7.75,-0.5
Comprehensiveness of Information,8.0,0.0
Comprehensiveness of Information,8.0,0.0
Comprehensiveness of Information,8.0,0.0
Comprehensiveness of Information,8.0,0.0
Accuracy of Information,8.0,0.0
Accuracy of Information,8.0,0.0
Accuracy of Information,8.0,0.0
Accuracy of Information,7.2,0.0
Accuracy of Information,8.0,0.0
Accuracy of Information,8.0,0.0
Accuracy of Information,8.0,0.0
Accuracy of Information,7.5,0.0
Accuracy of Information,8.0,0.0
Accuracy of Information,8.0,0.0
Accuracy of Information,7.0,0.0
Accuracy of Information,8.0,0.0
Accuracy of Information,8.25,-0.5
Accuracy of Information,8.0,0.0
Accuracy of Information,8.75,-0.5
Accuracy of Information,8.0,0.0
Accuracy of Information,8.0,0.0
Accuracy of Information,8.0,0.0
Accuracy of Information,8.0,0.0
Accuracy of Information,8.0,0.0
Accuracy of Information,8.0,0.0
Accuracy of Information,8.0,0.0
Accuracy of Information,8.0,0.0
Accuracy of Information,8.0,0.0
Accuracy of Information,8.0,0.0
Accuracy of Information,8.0,0.0
Accuracy of Information,8.0,0.0
Accuracy of Information,8.0,0.0
Accuracy of Information,8.0,0.0
Accuracy of Information,8.0,0.0
Accuracy of Information,8.0,0.0
Accuracy of Information,7.5,0.0
Accuracy of Information,8.0,0.0
Accuracy of Information,8.0,0.0
Accuracy of Information,8.0,0.0
Accuracy of Information,7.75,0.5
Accuracy of Information,8.0,0.0
Accuracy of Information,8.0,0.0
Accuracy of Information,8.0,0.0
Accuracy of Information,8.0,0.0
Accuracy of Information,8.0,0.0
Accuracy of Information,8.0,0.0
Accuracy of Information,8.0,0.0
Accuracy of Information,8.0,0.0
Accuracy of Information,8.0,0.0
Accuracy of Information,7.9,0.20000000000000018
Accuracy of Information,8.0,0.0
Accuracy of Information,7.0,0.0
Accuracy of Information,8.0,0.0
Accuracy of Information,8.0,0.0
Accuracy of Information,8.25,-0.5
Accuracy of Information,8.0,0.0
Accuracy of Information,8.0,0.0
Accuracy of Information,8.0,0.0
Accuracy of Information,8.0,0.0
Accuracy of Information,8.25,-0.5
Accuracy of Information,8.0,-1.0
Accuracy of Information,7.75,0.5
Accuracy of Information,8.0,0.0
Accuracy of Information,8.0,0.0
Accuracy of Information,8.0,0.0
Accuracy of Information,8.0,0.0
Accuracy of Information,8.0,0.0
Accuracy of Information,8.0,0.0
Accuracy of Information,8.0,0.0
Accuracy of Information,8.0,0.0
Accuracy of Information,8.0,0.0
Accuracy of Information,8.0,0.0
Accuracy of Information,8.0,0.0
Accuracy of Information,7.75,0.5
Accuracy of Information,8.0,0.0
Accuracy of Information,8.0,-1.0
Accuracy of Information,7.9,0.20000000000000018
Accuracy of Information,8.0,0.0
Accuracy of Information,8.0,0.0
Accuracy of Information,8.0,0.0
Accuracy of Information,8.0,0.0
Accuracy of Information,7.75,0.5
Accuracy of Information,8.0,0.0
Accuracy of Information,8.0,0.0
Accuracy of Information,7.75,0.5
Accuracy of Information,8.0,0.0
Accuracy of Information,8.0,0.0
Accuracy of Information,7.5,0.0
Accuracy of Information,7.5,0.0
Accuracy of Information,8.0,0.0
Accuracy of Information,8.0,0.0
Accuracy of Information,8.0,0.0
Accuracy of Information,8.0,0.0
Accuracy of Information,8.0,0.0
Accuracy of Information,8.0,0.0
Accuracy of Information,8.0,0.0
Accuracy of Information,8.0,0.0
Accuracy of Information,8.25,-0.5
Accuracy of Information,8.0,0.0
Accuracy of Information,8.0,0.0
Accuracy of Information,8.0,0.0
Accuracy of Information,8.0,0.0
Accuracy of Information,7.75,-0.09999999999999964
Accuracy of Information,8.0,0.0
Accuracy of Information,8.25,-0.5
Accuracy of Information,8.0,0.0
Accuracy of Information,7.75,0.5
Accuracy of Information,8.0,0.0
Accuracy of Information,8.0,0.0
Accuracy of Information,8.0,0.0
Accuracy of Information,8.0,0.0
Accuracy of Information,7.9,0.20000000000000018
Accuracy of Information,8.0,0.0
Accuracy of Information,8.25,-0.5
Accuracy of Information,7.7,0.0
Accuracy of Information,8.0,0.0
Accuracy of Information,8.0,0.0
Accuracy of Information,8.0,0.0
Accuracy of Information,8.0,0.0
Accuracy of Information,8.0,0.0
Accuracy of Information,8.0,0.0
Accuracy of Information,8.0,0.0
Accuracy of Information,8.0,0.0
Accuracy of Information,8.0,0.0
Accuracy of Information,7.25,-0.5
Accuracy of Information,8.25,-0.5
Accuracy of Information,8.0,0.0
Accuracy of Information,8.0,0.0
Accuracy of Information,8.0,0.0
Accuracy of Information,8.0,0.0
Accuracy of Information,8.0,0.0
Accuracy of Information,8.0,0.0
Accuracy of Information,8.0,0.0
Accuracy of Information,8.0,0.0
Accuracy of Information,8.0,0.0
Accuracy of Information,8.0,0.0
Accuracy of Information,8.0,0.0
Accuracy of Information,7.5,0.0
Accuracy of Information,7.75,0.5
Accuracy of Information,8.0,0.0
Accuracy of Information,8.0,0.0
Accuracy of Information,8.0,0.0
Accuracy of Information,8.0,0.0
Accuracy of Information,8.0,0.0
Accuracy of Information,8.0,0.0
Accuracy of Information,8.0,0.0
Accuracy of Information,8.0,0.0
Accuracy of Information,8.0,0.0
Accuracy of Information,8.25,-0.5
Accuracy of Information,8.0,0.0
Accuracy of Information,8.25,-0.5
Accuracy of Information,8.0,0.0
Accuracy of Information,8.0,0.0
Accuracy of Information,8.0,0.0
Accuracy of Information,8.0,0.0
Accuracy of Information,8.0,0.0
Accuracy of Information,8.0,0.0
Accuracy of Information,8.0,0.0
Accuracy of Information,8.0,0.0
Accuracy of Information,8.0,0.0
Accuracy of Information,8.0,0.0
Accuracy of Information,8.0,0.0
Accuracy of Information,8.0,0.0
Accuracy of Information,8.0,0.0
Accuracy of Information,8.0,0.0
Accuracy of Information,8.0,0.0
Accuracy of Information,8.0,0.0
Accuracy of Information,8.0,0.0
Accuracy of Information,8.0,0.0
Accuracy of Information,8.0,0.0
Accuracy of Information,8.25,-0.5
Accuracy of Information,8.0,0.0
Accuracy of Information,8.25,0.5
Accuracy of Information,8.0,0.0
Accuracy of Information,8.0,0.0
Accuracy of Information,8.0,0.0
Accuracy of Information,8.0,0.0
Accuracy of Information,8.0,0.0
Accuracy of Information,8.0,0.0
Accuracy of Information,8.0,0.0
Accuracy of Information,8.0,0.0
Accuracy of Information,8.25,-0.5
Accuracy of Information,8.0,0.0
Accuracy of Information,8.0,0.0
Accuracy of Information,8.0,0.0
Accuracy of Information,8.0,0.0
Accuracy of Information,8.25,-0.5
Accuracy of Information,8.0,0.0
Accuracy of Information,7.5,-1.0
Accuracy of Information,8.0,0.0
Accuracy of Information,8.0,0.0
Accuracy of Information,8.0,0.0
Accuracy of Information,8.0,0.0
Accuracy of Information,8.0,0.0
Accuracy of Information,8.0,0.0
Accuracy of Information,7.75,0.5
Accuracy of Information,7.75,0.5
Accuracy of Information,8.0,0.0
Accuracy of Information,8.0,0.0
Accuracy of Information,8.0,0.0
Accuracy of Information,8.0,0.0
Accuracy of Information,8.0,0.0
Accuracy of Information,7.45,-0.09999999999999964
Accuracy of Information,8.0,0.0
Accuracy of Information,8.0,0.0
Accuracy of Information,8.0,0.0
Accuracy of Information,8.0,0.0
Accuracy of Information,8.0,0.0
Accuracy of Information,8.0,0.0
Accuracy of Information,8.0,0.0
Accuracy of Information,8.0,0.0
Accuracy of Information,8.0,0.0
Accuracy of Information,8.0,0.0
Accuracy of Information,8.0,0.0
Accuracy of Information,8.0,0.0
Accuracy of Information,7.5,1.0
Accuracy of Information,8.0,0.0
Accuracy of Information,7.5,0.0
Accuracy of Information,8.0,0.0
Accuracy of Information,7.95,0.09999999999999964
Accuracy of Information,8.0,-1.0
Accuracy of Information,8.0,0.0
Accuracy of Information,8.0,0.0
Accuracy of Information,8.0,0.0
Accuracy of Information,8.0,0.0
Accuracy of Information,8.0,0.0
Accuracy of Information,8.0,0.0
Accuracy of Information,8.0,0.0
Accuracy of Information,8.0,0.0
Accuracy of Information,8.0,0.0
Accuracy of Information,8.0,0.0
Accuracy of Information,8.0,0.0
Accuracy of Information,8.0,0.0
Accuracy of Information,8.0,0.0
Accuracy of Information,8.0,-1.0
Accuracy of Information,8.0,0.0
Accuracy of Information,8.0,0.0
Accuracy of Information,7.75,0.5
Accuracy of Information,8.0,0.0
Accuracy of Information,8.0,0.0
Accuracy of Information,8.0,0.0
Accuracy of Information,7.75,0.5
Accuracy of Information,7.5,0.0
Accuracy of Information,8.0,0.0
Accuracy of Information,8.0,0.0
Accuracy of Information,8.0,0.0
Accuracy of Information,8.0,0.0
Accuracy of Information,8.0,0.0
Accuracy of Information,8.0,0.0
Accuracy of Information,8.25,-0.5
Accuracy of Information,8.25,-0.5
Accuracy of Information,8.0,0.0
Accuracy of Information,7.75,0.5
Accuracy of Information,8.0,0.0
Accuracy of Information,8.0,0.0
Accuracy of Information,8.0,0.0
Accuracy of Information,8.0,0.0
Accuracy of Information,8.0,0.0
Accuracy of Information,8.0,0.0
Accuracy of Information,8.0,0.0
Accuracy of Information,8.0,0.0
Accuracy of Information,8.0,0.0
Accuracy of Information,8.0,0.0
Accuracy of Information,8.25,-0.5
Accuracy of Information,8.0,0.0
Accuracy of Information,8.0,0.0
Accuracy of Information,8.0,0.0
Accuracy of Information,8.0,0.0
Accuracy of Information,8.0,0.0
Accuracy of Information,8.0,0.0
Accuracy of Information,8.25,-0.5
Accuracy of Information,8.0,0.0
Accuracy of Information,8.0,0.0
Accuracy of Information,8.0,0.0
Accuracy of Information,8.0,0.0
Accuracy of Information,8.0,0.0
Accuracy of Information,8.0,0.0
Accuracy of Information,8.0,0.0
Accuracy of Information,8.0,0.0
Accuracy of Information,8.0,0.0
Accuracy of Information,8.0,0.0
Accuracy of Information,8.0,0.0
Accuracy of Information,8.0,0.0
Accuracy of Information,8.0,0.0
Accuracy of Information,8.25,-0.5
Accuracy of Information,7.75,0.5
Accuracy of Information,8.0,0.0
Accuracy of Information,8.0,0.0
Accuracy of Information,8.0,0.0
Accuracy of Information,8.0,0.0
Accuracy of Information,8.0,0.0
Accuracy of Information,8.0,0.0
Accuracy of Information,8.0,0.0
Accuracy of Information,7.5,0.0
Accuracy of Information,8.0,0.0
Accuracy of Information,8.0,0.0
Accuracy of Information,8.0,0.0
Accuracy of Information,8.0,0.0
Accuracy of Information,7.75,-0.5
Accuracy of Information,8.0,0.0
Accuracy of Information,8.0,-1.0
Accuracy of Information,8.0,0.0
Accuracy of Information,7.75,0.5
Accuracy of Information,8.0,0.0
Accuracy of Information,8.0,0.0
Accuracy of Information,8.0,-1.0
Accuracy of Information,7.75,0.5
Accuracy of Information,8.25,-0.5
Accuracy of Information,8.0,0.0
Accuracy of Information,8.0,0.0
Accuracy of Information,8.0,0.0
Accuracy of Information,8.0,0.0
Accuracy of Information,8.0,0.0
Accuracy of Information,8.0,0.0
Accuracy of Information,7.5,0.0
Accuracy of Information,8.0,0.0
Accuracy of Information,7.5,0.0
Accuracy of Information,8.0,0.0
Accuracy of Information,7.75,0.5
Accuracy of Information,8.0,0.0
Accuracy of Information,8.0,0.0
Accuracy of Information,8.0,0.0
Accuracy of Information,8.0,0.0
Accuracy of Information,8.0,0.0
Accuracy of Information,8.0,0.0
Accuracy of Information,8.0,0.0
Accuracy of Information,7.9,0.20000000000000018
Accuracy of Information,8.25,-0.5
Accuracy of Information,8.0,0.0
Accuracy of Information,8.0,0.0
Accuracy of Information,8.0,0.0
Accuracy of Information,8.0,0.0
Accuracy of Information,8.0,0.0
Accuracy of Information,7.5,0.0
Accuracy of Information,8.0,0.0
Accuracy of Information,8.0,0.0
Accuracy of Information,8.0,0.0
Accuracy of Information,8.25,-0.5
Accuracy of Information,8.0,0.0
Accuracy of Information,8.0,0.0
Accuracy of Information,8.0,0.0
Accuracy of Information,8.0,0.0
Accuracy of Information,7.5,0.0
Accuracy of Information,8.0,0.0
Accuracy of Information,8.0,0.0
Accuracy of Information,8.0,0.0
Accuracy of Information,8.0,0.0
Accuracy of Information,8.0,0.0
Accuracy of Information,8.0,0.0
Accuracy of Information,8.0,0.0
Accuracy of Information,8.0,0.0
Accuracy of Information,7.75,0.5
Accuracy of Information,7.5,0.0
Accuracy of Information,8.0,0.0
Accuracy of Information,8.0,0.0
Accuracy of Information,8.0,0.0
Accuracy of Information,8.0,0.0
Accuracy of Information,8.0,0.0
Accuracy of Information,8.0,0.0
Accuracy of Information,8.0,0.0
Accuracy of Information,8.0,0.0
Accuracy of Information,8.0,0.0
Accuracy of Information,8.0,0.0
Accuracy of Information,7.5,0.0
Accuracy of Information,8.0,0.0
Accuracy of Information,8.0,0.0
Accuracy of Information,8.0,0.0
Accuracy of Information,8.0,0.0
Accuracy of Information,8.0,0.0
Accuracy of Information,8.0,0.0
Accuracy of Information,8.0,0.0
Accuracy of Information,8.0,0.0
Accuracy of Information,8.0,0.0
Accuracy of Information,7.75,-0.5
Accuracy of Information,8.0,0.0
Accuracy of Information,8.0,0.0
Accuracy of Information,8.0,0.0
Accuracy of Information,8.0,0.0
Accuracy of Information,8.0,0.0
Accuracy of Information,8.0,0.0
Accuracy of Information,8.0,0.0
Accuracy of Information,7.5,0.0
Accuracy of Information,8.0,0.0
Accuracy of Information,8.0,0.0
Accuracy of Information,8.0,0.0
Accuracy of Information,8.0,0.0
Accuracy of Information,8.0,0.0
Accuracy of Information,8.25,-0.5
Accuracy of Information,8.0,0.0
Accuracy of Information,8.25,-0.5
Accuracy of Information,7.75,0.5
Accuracy of Information,7.75,-0.5
Accuracy of Information,8.0,0.0
Accuracy of Information,8.0,0.0
Accuracy of Information,8.0,0.0
Accuracy of Information,7.5,0.0
Accuracy of Information,8.0,0.0
Accuracy of Information,8.0,0.0
Accuracy of Information,7.75,0.5
Accuracy of Information,8.0,0.0
Accuracy of Information,7.8,0.40000000000000036
Accuracy of Information,8.0,0.0
Accuracy of Information,8.0,0.0
Accuracy of Information,8.0,0.0
Accuracy of Information,8.25,-0.5
Accuracy of Information,8.0,0.0
Accuracy of Information,7.5,0.0
Accuracy of Information,8.0,0.0
Accuracy of Information,8.0,0.0
Accuracy of Information,8.0,0.0
Accuracy of Information,8.0,0.0
Accuracy of Information,8.0,0.0
Accuracy of Information,8.0,0.0
Accuracy of Information,8.0,0.0
Accuracy of Information,8.0,0.0
Accuracy of Information,8.0,0.0
Accuracy of Information,8.0,0.0
Accuracy of Information,8.0,0.0
Accuracy of Information,8.0,0.0
Accuracy of Information,8.0,0.0
Accuracy of Information,8.0,0.0
Accuracy of Information,8.0,0.0
Accuracy of Information,8.0,0.0
Accuracy of Information,8.0,-1.0
Accuracy of Information,8.0,0.0
Accuracy of Information,8.0,0.0
Accuracy of Information,8.0,0.0
Accuracy of Information,8.0,0.0
Accuracy of Information,8.0,0.0
Accuracy of Information,7.75,-0.5
Accuracy of Information,8.0,0.0
Accuracy of Information,8.0,0.0
Accuracy of Information,8.25,-0.5
Accuracy of Information,8.0,0.0
Accuracy of Information,8.0,0.0
Accuracy of Information,8.0,0.0
Accuracy of Information,8.0,0.0
Accuracy of Information,8.0,0.0
Accuracy of Information,8.0,0.0
Accuracy of Information,8.0,0.0
Accuracy of Information,8.25,-0.5
Accuracy of Information,8.0,0.0
Accuracy of Information,8.0,0.0
Accuracy of Information,7.5,0.0
Accuracy of Information,8.0,0.0
Accuracy of Information,7.95,0.09999999999999964
Accuracy of Information,8.0,0.0
Accuracy of Information,8.0,0.0
Accuracy of Information,8.0,0.0
Accuracy of Information,7.5,0.0
Accuracy of Information,8.0,0.0
Accuracy of Information,8.25,-0.5
Accuracy of Information,8.0,0.0
Accuracy of Information,8.0,0.0
Accuracy of Information,8.0,0.0
Accuracy of Information,8.0,0.0
Accuracy of Information,8.0,0.0
Accuracy of Information,8.0,0.0
Accuracy of Information,8.0,0.0
Accuracy of Information,8.25,-0.5
Accuracy of Information,8.0,0.0
Accuracy of Information,8.0,0.0
Accuracy of Information,8.0,0.0
Accuracy of Information,7.75,0.5
Accuracy of Information,8.0,0.0
Accuracy of Information,8.0,0.0
Accuracy of Information,8.0,0.0
Accuracy of Information,8.0,0.0
Accuracy of Information,8.0,0.0
Accuracy of Information,8.0,0.0
Accuracy of Information,8.0,0.0
Accuracy of Information,8.0,0.0
Accuracy of Information,8.0,0.0
Accuracy of Information,8.0,0.0
Accuracy of Information,8.0,0.0
Accuracy of Information,8.0,0.0
Accuracy of Information,8.25,-0.5
Accuracy of Information,8.0,0.0
Accuracy of Information,8.0,0.0
Accuracy of Information,8.0,0.0
Accuracy of Information,8.0,0.0
Accuracy of Information,7.0,0.0
Accuracy of Information,8.0,0.0
Accuracy of Information,8.0,0.0
Accuracy of Information,8.0,0.0
Accuracy of Information,7.5,0.0
Accuracy of Information,7.75,0.5
Accuracy of Information,8.0,0.0
Accuracy of Information,8.0,0.0
Accuracy of Information,8.0,0.0
Accuracy of Information,8.0,0.0
Accuracy of Information,8.0,0.0
Accuracy of Information,8.0,0.0
Accuracy of Information,7.75,0.5
Accuracy of Information,8.0,0.0
Accuracy of Information,8.0,0.0
Accuracy of Information,7.5,0.0
Accuracy of Information,8.0,0.0
Accuracy of Information,8.0,0.0
Accuracy of Information,8.0,0.0
Accuracy of Information,8.25,-0.5
Accuracy of Information,8.0,0.0
Accuracy of Information,8.0,0.0
Accuracy of Information,8.0,0.0
Accuracy of Information,8.0,0.0
Accuracy of Information,8.0,0.0
Accuracy of Information,8.25,-0.5
Accuracy of Information,8.0,0.0
Accuracy of Information,8.0,0.0
Accuracy of Information,7.75,0.5
Accuracy of Information,8.25,-0.5
Accuracy of Information,8.0,0.0
Accuracy of Information,8.0,0.0
Accuracy of Information,8.0,0.0
Accuracy of Information,8.0,0.0
Accuracy of Information,7.5,-1.0
Accuracy of Information,8.0,0.0
Accuracy of Information,8.0,0.0
Accuracy of Information,7.75,0.5
Accuracy of Information,8.0,0.0
Accuracy of Information,8.25,-0.5
Accuracy of Information,8.0,0.0
Accuracy of Information,8.0,0.0
Accuracy of Information,7.5,0.0
Accuracy of Information,8.25,-0.5
Accuracy of Information,8.0,0.0
Accuracy of Information,8.0,0.0
Accuracy of Information,8.0,0.0
Accuracy of Information,8.0,0.0
Accuracy of Information,7.75,0.5
Accuracy of Information,7.5,0.0
Accuracy of Information,8.0,0.0
Accuracy of Information,7.75,0.5
Accuracy of Information,8.0,0.0
Accuracy of Information,8.0,0.0
Accuracy of Information,8.0,0.0
Accuracy of Information,8.0,0.0
Accuracy of Information,8.0,0.0
Accuracy of Information,8.0,0.0
Accuracy of Information,8.0,0.0
Accuracy of Information,8.25,-0.5
Accuracy of Information,8.0,0.0
Accuracy of Information,8.0,0.0
Accuracy of Information,7.95,0.09999999999999964
Accuracy of Information,7.25,-0.5
Accuracy of Information,8.0,0.0
Accuracy of Information,7.75,0.5
Accuracy of Information,8.25,-0.5
Accuracy of Information,8.25,-0.5
Accuracy of Information,8.0,0.0
Accuracy of Information,8.0,0.0
Accuracy of Information,8.0,0.0
Accuracy of Information,8.0,0.0
Accuracy of Information,8.0,0.0
Innovativeness of Viewpoints,7.5,0.0
Innovativeness of Viewpoints,8.0,0.0
Innovativeness of Viewpoints,7.0,0.0
Innovativeness of Viewpoints,6.8,0.0
Innovativeness of Viewpoints,7.25,0.5
Innovativeness of Viewpoints,7.75,-0.09999999999999964
Innovativeness of Viewpoints,8.0,0.0
Innovativeness of Viewpoints,7.25,0.5
Innovativeness of Viewpoints,8.0,0.0
Innovativeness of Viewpoints,7.5,0.0
Innovativeness of Viewpoints,6.75,-0.5
Innovativeness of Viewpoints,8.0,0.0
Innovativeness of Viewpoints,7.75,-1.5
Innovativeness of Viewpoints,7.5,0.0
Innovativeness of Viewpoints,8.0,-1.0
Innovativeness of Viewpoints,7.5,0.0
Innovativeness of Viewpoints,7.5,0.0
Innovativeness of Viewpoints,7.5,0.0
Innovativeness of Viewpoints,8.0,0.0
Innovativeness of Viewpoints,7.5,0.0
Innovativeness of Viewpoints,7.5,0.0
Innovativeness of Viewpoints,7.5,0.0
Innovativeness of Viewpoints,7.75,-0.5
Innovativeness of Viewpoints,7.75,-0.5
Innovativeness of Viewpoints,7.25,-0.5
Innovativeness of Viewpoints,7.5,1.0
Innovativeness of Viewpoints,7.0,1.0
Innovativeness of Viewpoints,7.75,0.5
Innovativeness of Viewpoints,8.0,-1.0
Innovativeness of Viewpoints,6.75,0.5
Innovativeness of Viewpoints,7.5,0.0
Innovativeness of Viewpoints,6.5,0.0
Innovativeness of Viewpoints,7.0,-1.0
Innovativeness of Viewpoints,7.75,-1.5
Innovativeness of Viewpoints,8.0,0.0
Innovativeness of Viewpoints,7.0,1.0
Innovativeness of Viewpoints,8.0,0.0
Innovativeness of Viewpoints,7.5,0.0
Innovativeness of Viewpoints,7.5,0.0
Innovativeness of Viewpoints,7.0,0.0
Innovativeness of Viewpoints,7.75,-1.5
Innovativeness of Viewpoints,7.5,0.0
Innovativeness of Viewpoints,7.75,-0.5
Innovativeness of Viewpoints,8.0,0.0
Innovativeness of Viewpoints,7.5,0.0
Innovativeness of Viewpoints,7.75,-0.5
Innovativeness of Viewpoints,7.5,-1.0
Innovativeness of Viewpoints,4.5,0.0
Innovativeness of Viewpoints,7.5,1.0
Innovativeness of Viewpoints,6.0,0.0
Innovativeness of Viewpoints,7.0,-1.0
Innovativeness of Viewpoints,6.5,0.0
Innovativeness of Viewpoints,7.0,0.0
Innovativeness of Viewpoints,7.25,0.5
Innovativeness of Viewpoints,7.5,0.0
Innovativeness of Viewpoints,7.25,-1.5
Innovativeness of Viewpoints,7.5,-1.0
Innovativeness of Viewpoints,7.5,1.0
Innovativeness of Viewpoints,7.75,-0.5
Innovativeness of Viewpoints,8.0,-1.0
Innovativeness of Viewpoints,7.0,-1.0
Innovativeness of Viewpoints,7.5,0.0
Innovativeness of Viewpoints,7.5,0.0
Innovativeness of Viewpoints,7.75,-0.5
Innovativeness of Viewpoints,7.5,0.0
Innovativeness of Viewpoints,7.0,1.0
Innovativeness of Viewpoints,7.0,-1.0
Innovativeness of Viewpoints,7.5,0.0
Innovativeness of Viewpoints,7.75,0.5
Innovativeness of Viewpoints,7.0,1.0
Innovativeness of Viewpoints,7.0,-1.0
Innovativeness of Viewpoints,8.0,1.0
Innovativeness of Viewpoints,7.75,-0.5
Innovativeness of Viewpoints,7.5,0.0
Innovativeness of Viewpoints,7.5,0.0
Innovativeness of Viewpoints,7.5,0.0
Innovativeness of Viewpoints,7.5,0.0
Innovativeness of Viewpoints,6.75,1.5
Innovativeness of Viewpoints,7.75,0.5
Innovativeness of Viewpoints,8.0,1.0
Innovativeness of Viewpoints,7.25,1.5
Innovativeness of Viewpoints,8.0,-1.0
Innovativeness of Viewpoints,7.5,0.0
Innovativeness of Viewpoints,7.5,0.0
Innovativeness of Viewpoints,7.5,-1.0
Innovativeness of Viewpoints,7.5,-1.0
Innovativeness of Viewpoints,7.5,0.0
Innovativeness of Viewpoints,7.5,0.0
Innovativeness of Viewpoints,7.5,-1.0
Innovativeness of Viewpoints,6.5,0.0
Innovativeness of Viewpoints,7.25,0.5
Innovativeness of Viewpoints,7.75,-1.5
Innovativeness of Viewpoints,7.5,0.0
Innovativeness of Viewpoints,7.5,-1.0
Innovativeness of Viewpoints,7.5,0.0
Innovativeness of Viewpoints,7.5,0.0
Innovativeness of Viewpoints,7.25,-0.5
Innovativeness of Viewpoints,7.0,-1.0
Innovativeness of Viewpoints,7.75,0.3000000000000007
Innovativeness of Viewpoints,7.5,0.0
Innovativeness of Viewpoints,7.25,-1.5
Innovativeness of Viewpoints,7.0,-1.0
Innovativeness of Viewpoints,7.0,1.0
Innovativeness of Viewpoints,7.5,0.0
Innovativeness of Viewpoints,7.75,-0.5
Innovativeness of Viewpoints,7.5,0.0
Innovativeness of Viewpoints,7.65,0.2999999999999998
Innovativeness of Viewpoints,7.8,0.40000000000000036
Innovativeness of Viewpoints,7.25,-0.5
Innovativeness of Viewpoints,7.5,-1.0
Innovativeness of Viewpoints,7.85,-0.10000000000000053
Innovativeness of Viewpoints,8.0,0.0
Innovativeness of Viewpoints,7.75,-0.5
Innovativeness of Viewpoints,7.5,0.0
Innovativeness of Viewpoints,7.25,-0.5
Innovativeness of Viewpoints,7.25,-0.5
Innovativeness of Viewpoints,7.75,-0.5
Innovativeness of Viewpoints,7.75,0.5
Innovativeness of Viewpoints,7.5,0.0
Innovativeness of Viewpoints,7.35,0.2999999999999998
Innovativeness of Viewpoints,7.0,-1.0
Innovativeness of Viewpoints,7.0,-1.0
Innovativeness of Viewpoints,8.0,0.0
Innovativeness of Viewpoints,7.5,0.0
Innovativeness of Viewpoints,7.3,-0.5999999999999996
Innovativeness of Viewpoints,7.5,0.0
Innovativeness of Viewpoints,8.0,0.0
Innovativeness of Viewpoints,7.75,0.5
Innovativeness of Viewpoints,8.0,0.0
Innovativeness of Viewpoints,8.0,0.0
Innovativeness of Viewpoints,7.5,-1.0
Innovativeness of Viewpoints,7.5,0.0
Innovativeness of Viewpoints,7.75,-0.5
Innovativeness of Viewpoints,7.25,-1.5
Innovativeness of Viewpoints,7.0,1.0
Innovativeness of Viewpoints,8.0,0.0
Innovativeness of Viewpoints,7.5,0.0
Innovativeness of Viewpoints,8.0,0.0
Innovativeness of Viewpoints,8.0,0.0
Innovativeness of Viewpoints,7.5,0.0
Innovativeness of Viewpoints,7.0,-1.0
Innovativeness of Viewpoints,7.5,0.0
Innovativeness of Viewpoints,7.25,0.5
Innovativeness of Viewpoints,7.75,0.5
Innovativeness of Viewpoints,7.75,-1.5
Innovativeness of Viewpoints,7.0,0.0
Innovativeness of Viewpoints,8.0,-1.0
Innovativeness of Viewpoints,7.25,-0.5
Innovativeness of Viewpoints,8.0,-0.39999999999999947
Innovativeness of Viewpoints,7.5,0.0
Innovativeness of Viewpoints,7.75,-0.5
Innovativeness of Viewpoints,7.75,-0.5
Innovativeness of Viewpoints,7.5,0.0
Innovativeness of Viewpoints,8.5,-1.0
Innovativeness of Viewpoints,7.75,-1.5
Innovativeness of Viewpoints,8.0,-1.0
Innovativeness of Viewpoints,7.5,0.0
Innovativeness of Viewpoints,7.25,-0.5
Innovativeness of Viewpoints,8.0,-1.0
Innovativeness of Viewpoints,7.0,-1.0
Innovativeness of Viewpoints,7.25,0.5
Innovativeness of Viewpoints,7.0,-1.0
Innovativeness of Viewpoints,7.0,-1.0
Innovativeness of Viewpoints,7.25,-0.5
Innovativeness of Viewpoints,7.5,0.0
Innovativeness of Viewpoints,7.5,0.0
Innovativeness of Viewpoints,7.0,-1.0
Innovativeness of Viewpoints,7.5,-1.0
Innovativeness of Viewpoints,7.75,0.5
Innovativeness of Viewpoints,7.75,-0.5
Innovativeness of Viewpoints,8.0,0.0
Innovativeness of Viewpoints,7.5,0.0
Innovativeness of Viewpoints,7.5,0.0
Innovativeness of Viewpoints,7.5,0.0
Innovativeness of Viewpoints,7.25,0.5
Innovativeness of Viewpoints,7.5,0.0
Innovativeness of Viewpoints,7.75,-0.5
Innovativeness of Viewpoints,7.25,-0.5
Innovativeness of Viewpoints,7.5,0.0
Innovativeness of Viewpoints,7.75,-0.5
Innovativeness of Viewpoints,8.0,-1.0
Innovativeness of Viewpoints,8.0,0.0
Innovativeness of Viewpoints,7.0,-1.0
Innovativeness of Viewpoints,7.5,0.0
Innovativeness of Viewpoints,7.0,-1.0
Innovativeness of Viewpoints,8.0,0.0
Innovativeness of Viewpoints,8.0,-1.0
Innovativeness of Viewpoints,7.25,-0.5
Innovativeness of Viewpoints,7.5,0.0
Innovativeness of Viewpoints,7.25,-0.5
Innovativeness of Viewpoints,7.5,0.0
Innovativeness of Viewpoints,7.0,1.0
Innovativeness of Viewpoints,7.0,1.0
Innovativeness of Viewpoints,7.25,-0.5
Innovativeness of Viewpoints,7.25,0.5
Innovativeness of Viewpoints,7.5,0.0
Innovativeness of Viewpoints,7.0,0.0
Innovativeness of Viewpoints,7.5,0.0
Innovativeness of Viewpoints,6.35,-0.10000000000000053
Innovativeness of Viewpoints,7.5,0.0
Innovativeness of Viewpoints,7.5,1.0
Innovativeness of Viewpoints,7.25,0.5
Innovativeness of Viewpoints,7.75,-0.5
Innovativeness of Viewpoints,8.0,0.0
Innovativeness of Viewpoints,8.0,-1.0
Innovativeness of Viewpoints,7.5,0.0
Innovativeness of Viewpoints,7.25,0.5
Innovativeness of Viewpoints,7.25,-0.5
Innovativeness of Viewpoints,8.0,0.0
Innovativeness of Viewpoints,7.25,0.5
Innovativeness of Viewpoints,7.0,1.1999999999999993
Innovativeness of Viewpoints,6.0,-2.0
Innovativeness of Viewpoints,8.0,0.0
Innovativeness of Viewpoints,7.5,0.0
Innovativeness of Viewpoints,7.5,0.0
Innovativeness of Viewpoints,8.0,0.39999999999999947
Innovativeness of Viewpoints,7.75,-1.5
Innovativeness of Viewpoints,8.0,0.0
Innovativeness of Viewpoints,8.0,-1.0
Innovativeness of Viewpoints,7.5,-1.0
Innovativeness of Viewpoints,7.25,0.5
Innovativeness of Viewpoints,7.5,0.0
Innovativeness of Viewpoints,7.0,-1.0
Innovativeness of Viewpoints,7.5,0.0
Innovativeness of Viewpoints,7.5,0.0
Innovativeness of Viewpoints,7.75,0.5
Innovativeness of Viewpoints,7.5,-1.0
Innovativeness of Viewpoints,7.5,0.0
Innovativeness of Viewpoints,7.0,0.0
Innovativeness of Viewpoints,7.0,0.0
Innovativeness of Viewpoints,6.25,-1.5
Innovativeness of Viewpoints,7.5,-1.0
Innovativeness of Viewpoints,8.0,0.0
Innovativeness of Viewpoints,7.0,1.0
Innovativeness of Viewpoints,8.0,0.0
Innovativeness of Viewpoints,7.5,0.0
Innovativeness of Viewpoints,7.25,0.5
Innovativeness of Viewpoints,7.0,1.0
Innovativeness of Viewpoints,7.5,0.0
Innovativeness of Viewpoints,7.25,0.5
Innovativeness of Viewpoints,7.5,0.0
Innovativeness of Viewpoints,7.25,-0.5
Innovativeness of Viewpoints,8.0,-1.0
Innovativeness of Viewpoints,7.25,-0.5
Innovativeness of Viewpoints,7.25,0.5
Innovativeness of Viewpoints,8.0,-1.0
Innovativeness of Viewpoints,7.0,-1.0
Innovativeness of Viewpoints,7.75,-1.5
Innovativeness of Viewpoints,7.0,1.0
Innovativeness of Viewpoints,7.5,0.0
Innovativeness of Viewpoints,7.5,0.0
Innovativeness of Viewpoints,7.5,0.0
Innovativeness of Viewpoints,7.5,0.0
Innovativeness of Viewpoints,7.5,0.0
Innovativeness of Viewpoints,8.0,-1.0
Innovativeness of Viewpoints,7.5,0.0
Innovativeness of Viewpoints,7.75,-0.5
Innovativeness of Viewpoints,8.0,0.0
Innovativeness of Viewpoints,7.5,0.0
Innovativeness of Viewpoints,7.25,-1.5
Innovativeness of Viewpoints,8.0,0.0
Innovativeness of Viewpoints,7.5,0.0
Innovativeness of Viewpoints,8.0,0.0
Innovativeness of Viewpoints,8.0,-1.0
Innovativeness of Viewpoints,7.75,-0.5
Innovativeness of Viewpoints,7.5,0.0
Innovativeness of Viewpoints,7.25,-1.5
Innovativeness of Viewpoints,7.75,-0.5
Innovativeness of Viewpoints,7.5,0.0
Innovativeness of Viewpoints,7.25,0.5
Innovativeness of Viewpoints,7.75,-1.5
Innovativeness of Viewpoints,7.5,0.0
Innovativeness of Viewpoints,6.5,1.0
Innovativeness of Viewpoints,8.0,0.0
Innovativeness of Viewpoints,7.5,0.0
Innovativeness of Viewpoints,7.5,0.0
Innovativeness of Viewpoints,7.75,-0.5
Innovativeness of Viewpoints,7.25,-0.5
Innovativeness of Viewpoints,8.0,-1.0
Innovativeness of Viewpoints,7.25,0.5
Innovativeness of Viewpoints,8.0,-1.0
Innovativeness of Viewpoints,7.0,1.0
Innovativeness of Viewpoints,7.5,0.0
Innovativeness of Viewpoints,7.75,-0.5
Innovativeness of Viewpoints,7.25,0.5
Innovativeness of Viewpoints,7.5,0.0
Innovativeness of Viewpoints,6.5,1.0
Innovativeness of Viewpoints,8.0,0.0
Innovativeness of Viewpoints,8.0,-1.0
Innovativeness of Viewpoints,7.5,0.0
Innovativeness of Viewpoints,7.25,0.5
Innovativeness of Viewpoints,7.5,0.0
Innovativeness of Viewpoints,7.5,0.0
Innovativeness of Viewpoints,7.5,0.0
Innovativeness of Viewpoints,7.0,-1.0
Innovativeness of Viewpoints,7.0,-1.0
Innovativeness of Viewpoints,8.0,-1.0
Innovativeness of Viewpoints,7.25,0.5
Innovativeness of Viewpoints,7.3,0.5999999999999996
Innovativeness of Viewpoints,7.5,0.0
Innovativeness of Viewpoints,7.5,0.0
Innovativeness of Viewpoints,7.25,-1.5
Innovativeness of Viewpoints,7.0,1.0
Innovativeness of Viewpoints,8.0,-1.0
Innovativeness of Viewpoints,7.5,0.0
Innovativeness of Viewpoints,7.25,-0.5
Innovativeness of Viewpoints,8.0,-1.0
Innovativeness of Viewpoints,7.5,0.0
Innovativeness of Viewpoints,7.25,0.5
Innovativeness of Viewpoints,7.75,-1.5
Innovativeness of Viewpoints,7.5,0.0
Innovativeness of Viewpoints,7.75,-0.5
Innovativeness of Viewpoints,7.25,-1.5
Innovativeness of Viewpoints,7.5,0.0
Innovativeness of Viewpoints,7.0,1.0
Innovativeness of Viewpoints,7.5,0.0
Innovativeness of Viewpoints,8.0,0.0
Innovativeness of Viewpoints,7.5,0.0
Innovativeness of Viewpoints,7.5,0.0
Innovativeness of Viewpoints,7.0,0.0
Innovativeness of Viewpoints,8.0,0.0
Innovativeness of Viewpoints,7.5,0.0
Innovativeness of Viewpoints,6.75,0.5
Innovativeness of Viewpoints,7.0,-1.0
Innovativeness of Viewpoints,7.5,0.0
Innovativeness of Viewpoints,7.5,0.0
Innovativeness of Viewpoints,7.0,0.0
Innovativeness of Viewpoints,7.5,0.0
Innovativeness of Viewpoints,7.5,0.0
Innovativeness of Viewpoints,7.5,0.0
Innovativeness of Viewpoints,8.0,-1.0
Innovativeness of Viewpoints,7.0,1.0
Innovativeness of Viewpoints,7.5,0.0
Innovativeness of Viewpoints,7.5,-1.0
Innovativeness of Viewpoints,8.0,0.0
Innovativeness of Viewpoints,7.5,-1.0
Innovativeness of Viewpoints,6.75,0.5
Innovativeness of Viewpoints,7.25,0.5
Innovativeness of Viewpoints,7.5,0.0
Innovativeness of Viewpoints,7.25,0.5
Innovativeness of Viewpoints,7.5,-1.0
Innovativeness of Viewpoints,7.5,0.0
Innovativeness of Viewpoints,7.75,-1.5
Innovativeness of Viewpoints,7.5,0.0
Innovativeness of Viewpoints,7.75,0.5
Innovativeness of Viewpoints,8.0,0.0
Innovativeness of Viewpoints,7.5,0.0
Innovativeness of Viewpoints,7.75,0.5
Innovativeness of Viewpoints,7.0,0.0
Innovativeness of Viewpoints,7.5,0.0
Innovativeness of Viewpoints,8.0,0.0
Innovativeness of Viewpoints,7.75,-0.5
Innovativeness of Viewpoints,7.0,0.0
Innovativeness of Viewpoints,8.0,-1.0
Innovativeness of Viewpoints,8.0,0.0
Innovativeness of Viewpoints,7.75,-0.5
Innovativeness of Viewpoints,7.75,-0.5
Innovativeness of Viewpoints,6.0,0.0
Innovativeness of Viewpoints,7.0,0.0
Innovativeness of Viewpoints,7.0,1.0
Innovativeness of Viewpoints,7.5,0.0
Innovativeness of Viewpoints,7.5,0.0
Innovativeness of Viewpoints,8.0,-1.0
Innovativeness of Viewpoints,8.0,0.0
Innovativeness of Viewpoints,7.25,-0.5
Innovativeness of Viewpoints,8.0,0.0
Innovativeness of Viewpoints,7.5,0.0
Innovativeness of Viewpoints,7.5,0.0
Innovativeness of Viewpoints,7.5,1.0
Innovativeness of Viewpoints,7.0,-1.0
Innovativeness of Viewpoints,7.5,0.0
Innovativeness of Viewpoints,7.5,1.0
Innovativeness of Viewpoints,8.0,0.0
Innovativeness of Viewpoints,7.25,0.5
Innovativeness of Viewpoints,7.25,0.5
Innovativeness of Viewpoints,7.5,-1.0
Innovativeness of Viewpoints,7.25,0.5
Innovativeness of Viewpoints,7.5,0.0
Innovativeness of Viewpoints,7.75,-1.5
Innovativeness of Viewpoints,7.0,1.0
Innovativeness of Viewpoints,8.0,0.0
Innovativeness of Viewpoints,8.0,0.0
Innovativeness of Viewpoints,7.5,0.0
Innovativeness of Viewpoints,7.5,-1.0
Innovativeness of Viewpoints,8.0,0.0
Innovativeness of Viewpoints,7.25,-1.5
Innovativeness of Viewpoints,7.75,-0.5
Innovativeness of Viewpoints,7.75,-1.5
Innovativeness of Viewpoints,8.0,0.0
Innovativeness of Viewpoints,7.25,-0.5
Innovativeness of Viewpoints,6.75,0.5
Innovativeness of Viewpoints,7.5,0.0
Innovativeness of Viewpoints,7.5,0.0
Innovativeness of Viewpoints,7.5,0.0
Innovativeness of Viewpoints,7.0,1.0
Innovativeness of Viewpoints,7.0,1.0
Innovativeness of Viewpoints,7.75,0.5
Innovativeness of Viewpoints,8.0,0.0
Innovativeness of Viewpoints,7.75,-1.5
Innovativeness of Viewpoints,7.5,0.0
Innovativeness of Viewpoints,8.0,-1.0
Innovativeness of Viewpoints,7.75,-1.5
Innovativeness of Viewpoints,6.75,-0.5
Innovativeness of Viewpoints,7.5,0.0
Innovativeness of Viewpoints,7.0,-1.0
Innovativeness of Viewpoints,7.75,-0.5
Innovativeness of Viewpoints,7.5,0.0
Innovativeness of Viewpoints,7.75,-0.5
Innovativeness of Viewpoints,7.5,0.0
Innovativeness of Viewpoints,8.0,0.0
Innovativeness of Viewpoints,7.25,-0.5
Innovativeness of Viewpoints,7.5,-1.0
Innovativeness of Viewpoints,7.5,0.0
Innovativeness of Viewpoints,7.5,0.0
Innovativeness of Viewpoints,7.75,0.5
Innovativeness of Viewpoints,7.0,1.0
Innovativeness of Viewpoints,8.0,-1.0
Innovativeness of Viewpoints,8.0,0.0
Innovativeness of Viewpoints,7.5,0.0
Innovativeness of Viewpoints,7.5,-1.0
Innovativeness of Viewpoints,7.5,0.0
Innovativeness of Viewpoints,8.0,0.0
Innovativeness of Viewpoints,7.5,0.0
Innovativeness of Viewpoints,7.75,0.5
Innovativeness of Viewpoints,7.75,-0.5
Innovativeness of Viewpoints,7.25,-0.5
Innovativeness of Viewpoints,7.5,0.0
Innovativeness of Viewpoints,7.5,1.0
Innovativeness of Viewpoints,8.0,-1.0
Innovativeness of Viewpoints,8.0,0.0
Innovativeness of Viewpoints,7.5,0.0
Innovativeness of Viewpoints,8.0,0.0
Innovativeness of Viewpoints,8.0,0.0
Innovativeness of Viewpoints,7.75,-0.5
Innovativeness of Viewpoints,8.0,0.0
Innovativeness of Viewpoints,8.0,0.0
Innovativeness of Viewpoints,7.0,-1.0
Innovativeness of Viewpoints,8.0,0.0
Innovativeness of Viewpoints,7.5,0.0
Innovativeness of Viewpoints,7.5,0.0
Innovativeness of Viewpoints,7.0,0.0
Innovativeness of Viewpoints,7.85,0.10000000000000053
Innovativeness of Viewpoints,7.5,0.0
Innovativeness of Viewpoints,7.5,0.0
Innovativeness of Viewpoints,7.8,0.0
Innovativeness of Viewpoints,6.0,0.0
Innovativeness of Viewpoints,7.75,-0.5
Innovativeness of Viewpoints,7.25,-1.5
Innovativeness of Viewpoints,7.5,0.0
Innovativeness of Viewpoints,7.25,0.5
Innovativeness of Viewpoints,8.0,0.0
Innovativeness of Viewpoints,8.0,0.0
Innovativeness of Viewpoints,7.0,-1.0
Innovativeness of Viewpoints,7.0,1.0
Innovativeness of Viewpoints,7.75,-0.5
Innovativeness of Viewpoints,7.0,-1.0
Innovativeness of Viewpoints,7.75,-0.5
Innovativeness of Viewpoints,7.5,-1.0
Innovativeness of Viewpoints,7.5,0.0
Innovativeness of Viewpoints,7.0,1.0
Innovativeness of Viewpoints,7.75,-0.5
Innovativeness of Viewpoints,7.5,0.0
Innovativeness of Viewpoints,7.75,-0.5
Innovativeness of Viewpoints,8.0,0.0
Innovativeness of Viewpoints,7.5,0.0
Innovativeness of Viewpoints,8.0,0.0
Innovativeness of Viewpoints,7.5,0.0
Innovativeness of Viewpoints,7.5,0.0
Innovativeness of Viewpoints,8.0,0.0
Innovativeness of Viewpoints,8.0,0.0
Innovativeness of Viewpoints,8.0,0.0
Innovativeness of Viewpoints,8.0,-1.0
Innovativeness of Viewpoints,7.75,-0.5
Innovativeness of Viewpoints,7.0,1.0
Innovativeness of Viewpoints,8.0,0.0
Innovativeness of Viewpoints,7.5,0.0
Innovativeness of Viewpoints,6.5,0.0
Innovativeness of Viewpoints,5.0,0.0
Innovativeness of Viewpoints,7.75,-0.5
Innovativeness of Viewpoints,7.75,-0.5
Innovativeness of Viewpoints,7.5,0.0
Innovativeness of Viewpoints,7.5,0.0
Innovativeness of Viewpoints,7.5,1.0
Innovativeness of Viewpoints,7.5,0.0
Innovativeness of Viewpoints,8.0,-1.0
Innovativeness of Viewpoints,7.25,-0.5
Innovativeness of Viewpoints,7.0,-1.0
Innovativeness of Viewpoints,7.5,0.0
Innovativeness of Viewpoints,7.0,-1.0
Innovativeness of Viewpoints,7.75,-0.5
Innovativeness of Viewpoints,7.25,0.5
Innovativeness of Viewpoints,7.0,0.0
Innovativeness of Viewpoints,7.5,0.0
Innovativeness of Viewpoints,8.0,0.0
Innovativeness of Viewpoints,7.0,0.0
Innovativeness of Viewpoints,7.25,-0.5
Innovativeness of Viewpoints,7.75,-1.5
Innovativeness of Viewpoints,7.25,-0.5
Innovativeness of Viewpoints,7.5,0.0
Innovativeness of Viewpoints,8.0,0.0
Innovativeness of Viewpoints,7.5,0.0
Innovativeness of Viewpoints,7.5,0.0
Innovativeness of Viewpoints,8.0,-1.0
Innovativeness of Viewpoints,7.5,0.0
Innovativeness of Viewpoints,7.5,-1.0
Innovativeness of Viewpoints,7.5,1.0
Innovativeness of Viewpoints,7.25,-1.5
Innovativeness of Viewpoints,7.3,0.5999999999999996
Innovativeness of Viewpoints,7.75,-1.5
Innovativeness of Viewpoints,7.5,0.0
Innovativeness of Viewpoints,7.5,0.0
Innovativeness of Viewpoints,7.75,-1.5
Innovativeness of Viewpoints,7.25,-0.5
Innovativeness of Viewpoints,6.75,-1.5
Innovativeness of Viewpoints,7.5,1.0
Innovativeness of Viewpoints,7.5,0.0
Innovativeness of Viewpoints,7.5,-1.0
Innovativeness of Viewpoints,7.0,0.0
Innovativeness of Viewpoints,7.25,-0.5
Innovativeness of Viewpoints,7.5,0.0
Innovativeness of Viewpoints,7.5,-1.0
Innovativeness of Viewpoints,7.25,-0.5
Innovativeness of Viewpoints,7.5,0.0
Innovativeness of Viewpoints,7.5,0.0
Innovativeness of Viewpoints,7.0,0.0
Innovativeness of Viewpoints,7.25,0.5
Innovativeness of Viewpoints,6.5,0.0
Innovativeness of Viewpoints,7.5,-1.0
Innovativeness of Viewpoints,7.25,0.5
Innovativeness of Viewpoints,7.5,0.0
Innovativeness of Viewpoints,6.5,0.0
Innovativeness of Viewpoints,8.0,0.0
Innovativeness of Viewpoints,7.75,-0.5
Innovativeness of Viewpoints,7.5,0.0
Innovativeness of Viewpoints,8.0,0.0
Innovativeness of Viewpoints,7.25,0.5
Innovativeness of Viewpoints,7.75,-1.5
Innovativeness of Viewpoints,8.0,-1.0
Innovativeness of Viewpoints,7.75,-1.5
Innovativeness of Viewpoints,7.75,-0.5
Innovativeness of Viewpoints,6.75,-0.5
Innovativeness of Viewpoints,7.5,0.0
Innovativeness of Viewpoints,7.5,0.5999999999999996
Innovativeness of Viewpoints,7.5,-1.0
Innovativeness of Viewpoints,7.5,-1.0
Innovativeness of Viewpoints,7.75,-0.5
Innovativeness of Viewpoints,8.0,0.0
Innovativeness of Viewpoints,8.0,0.0
Innovativeness of Viewpoints,8.0,0.0
Innovativeness of Viewpoints,8.0,0.0
Integration of Interdisciplinary Perspectives,7.5,0.0
Integration of Interdisciplinary Perspectives,8.0,0.0
Integration of Interdisciplinary Perspectives,7.0,0.0
Integration of Interdisciplinary Perspectives,7.2,0.0
Integration of Interdisciplinary Perspectives,7.5,0.0
Integration of Interdisciplinary Perspectives,7.85,0.10000000000000053
Integration of Interdisciplinary Perspectives,8.0,0.0
Integration of Interdisciplinary Perspectives,7.5,0.0
Integration of Interdisciplinary Perspectives,8.0,0.0
Integration of Interdisciplinary Perspectives,7.5,0.0
Integration of Interdisciplinary Perspectives,6.75,-0.5
Integration of Interdisciplinary Perspectives,8.0,0.0
Integration of Interdisciplinary Perspectives,7.75,-0.5
Integration of Interdisciplinary Perspectives,7.5,0.0
Integration of Interdisciplinary Perspectives,8.0,-1.0
Integration of Interdisciplinary Perspectives,7.5,0.0
Integration of Interdisciplinary Perspectives,7.5,0.0
Integration of Interdisciplinary Perspectives,7.5,0.0
Integration of Interdisciplinary Perspectives,8.0,0.0
Integration of Interdisciplinary Perspectives,7.5,0.0
Integration of Interdisciplinary Perspectives,7.5,0.0
Integration of Interdisciplinary Perspectives,7.5,0.0
Integration of Interdisciplinary Perspectives,7.75,-1.5
Integration of Interdisciplinary Perspectives,8.0,0.0
Integration of Interdisciplinary Perspectives,7.25,-0.5
Integration of Interdisciplinary Perspectives,8.0,0.0
Integration of Interdisciplinary Perspectives,7.25,0.5
Integration of Interdisciplinary Perspectives,8.0,0.0
Integration of Interdisciplinary Perspectives,7.75,-0.5
Integration of Interdisciplinary Perspectives,7.0,0.0
Integration of Interdisciplinary Perspectives,7.5,0.0
Integration of Interdisciplinary Perspectives,6.5,0.0
Integration of Interdisciplinary Perspectives,7.75,-0.5
Integration of Interdisciplinary Perspectives,7.75,0.5
Integration of Interdisciplinary Perspectives,8.0,0.0
Integration of Interdisciplinary Perspectives,7.0,1.0
Integration of Interdisciplinary Perspectives,8.0,0.0
Integration of Interdisciplinary Perspectives,7.5,0.0
Integration of Interdisciplinary Perspectives,7.5,0.0
Integration of Interdisciplinary Perspectives,7.5,0.0
Integration of Interdisciplinary Perspectives,7.75,-0.5
Integration of Interdisciplinary Perspectives,8.0,0.0
Integration of Interdisciplinary Perspectives,7.75,-0.5
Integration of Interdisciplinary Perspectives,8.0,0.0
Integration of Interdisciplinary Perspectives,8.0,0.0
Integration of Interdisciplinary Perspectives,7.65,-1.7000000000000002
Integration of Interdisciplinary Perspectives,7.0,0.0
Integration of Interdisciplinary Perspectives,6.5,0.0
Integration of Interdisciplinary Perspectives,7.0,1.0
Integration of Interdisciplinary Perspectives,7.0,0.0
Integration of Interdisciplinary Perspectives,7.25,-0.5
Integration of Interdisciplinary Perspectives,7.0,0.0
Integration of Interdisciplinary Perspectives,7.0,0.0
Integration of Interdisciplinary Perspectives,8.0,0.0
Integration of Interdisciplinary Perspectives,7.5,0.0
Integration of Interdisciplinary Perspectives,8.0,-1.0
Integration of Interdisciplinary Perspectives,7.5,-1.0
Integration of Interdisciplinary Perspectives,7.75,0.5
Integration of Interdisciplinary Perspectives,7.75,-0.5
Integration of Interdisciplinary Perspectives,7.75,-0.5
Integration of Interdisciplinary Perspectives,7.5,0.0
Integration of Interdisciplinary Perspectives,7.5,0.0
Integration of Interdisciplinary Perspectives,7.5,0.0
Integration of Interdisciplinary Perspectives,7.75,-0.5
Integration of Interdisciplinary Perspectives,7.5,0.0
Integration of Interdisciplinary Perspectives,7.25,0.5
Integration of Interdisciplinary Perspectives,8.0,-1.0
Integration of Interdisciplinary Perspectives,7.5,0.0
Integration of Interdisciplinary Perspectives,7.75,0.5
Integration of Interdisciplinary Perspectives,7.0,1.0
Integration of Interdisciplinary Perspectives,7.0,0.0
Integration of Interdisciplinary Perspectives,8.0,-1.0
Integration of Interdisciplinary Perspectives,7.8999999999999995,0.5999999999999996
Integration of Interdisciplinary Perspectives,7.5,0.0
Integration of Interdisciplinary Perspectives,7.5,0.0
Integration of Interdisciplinary Perspectives,7.25,-0.5
Integration of Interdisciplinary Perspectives,7.5,0.0
Integration of Interdisciplinary Perspectives,7.0,1.0
Integration of Interdisciplinary Perspectives,7.75,0.5
Integration of Interdisciplinary Perspectives,8.0,0.0
Integration of Interdisciplinary Perspectives,7.5,1.0
Integration of Interdisciplinary Perspectives,7.5,-1.0
Integration of Interdisciplinary Perspectives,7.5,0.0
Integration of Interdisciplinary Perspectives,7.5,0.0
Integration of Interdisciplinary Perspectives,7.5,0.0
Integration of Interdisciplinary Perspectives,6.5,-3.0
Integration of Interdisciplinary Perspectives,8.0,0.0
Integration of Interdisciplinary Perspectives,7.5,0.0
Integration of Interdisciplinary Perspectives,7.0,0.0
Integration of Interdisciplinary Perspectives,7.0,0.0
Integration of Interdisciplinary Perspectives,7.5,0.0
Integration of Interdisciplinary Perspectives,7.75,-0.5
Integration of Interdisciplinary Perspectives,7.5,0.0
Integration of Interdisciplinary Perspectives,8.0,-1.0
Integration of Interdisciplinary Perspectives,7.5,0.0
Integration of Interdisciplinary Perspectives,7.5,0.0
Integration of Interdisciplinary Perspectives,7.25,-0.5
Integration of Interdisciplinary Perspectives,7.5,-1.0
Integration of Interdisciplinary Perspectives,7.65,0.2999999999999998
Integration of Interdisciplinary Perspectives,7.5,0.0
Integration of Interdisciplinary Perspectives,7.75,-0.5
Integration of Interdisciplinary Perspectives,7.25,-0.5
Integration of Interdisciplinary Perspectives,7.0,1.0
Integration of Interdisciplinary Perspectives,7.5,0.0
Integration of Interdisciplinary Perspectives,7.75,-0.5
Integration of Interdisciplinary Perspectives,7.5,0.0
Integration of Interdisciplinary Perspectives,7.5,0.0
Integration of Interdisciplinary Perspectives,7.9,0.20000000000000018
Integration of Interdisciplinary Perspectives,7.5,0.0
Integration of Interdisciplinary Perspectives,7.75,-1.5
Integration of Interdisciplinary Perspectives,7.75,-0.09999999999999964
Integration of Interdisciplinary Perspectives,8.0,0.0
Integration of Interdisciplinary Perspectives,7.5,0.0
Integration of Interdisciplinary Perspectives,7.5,0.0
Integration of Interdisciplinary Perspectives,7.75,-0.5
Integration of Interdisciplinary Perspectives,7.75,-0.5
Integration of Interdisciplinary Perspectives,7.25,-1.5
Integration of Interdisciplinary Perspectives,7.25,0.5
Integration of Interdisciplinary Perspectives,7.5,0.0
Integration of Interdisciplinary Perspectives,7.6,0.39999999999999947
Integration of Interdisciplinary Perspectives,7.0,0.0
Integration of Interdisciplinary Perspectives,6.5,-1.0
Integration of Interdisciplinary Perspectives,8.0,0.0
Integration of Interdisciplinary Perspectives,7.5,0.0
Integration of Interdisciplinary Perspectives,7.1,-0.6000000000000005
Integration of Interdisciplinary Perspectives,7.0,0.0
Integration of Interdisciplinary Perspectives,8.0,0.0
Integration of Interdisciplinary Perspectives,7.5,1.0
Integration of Interdisciplinary Perspectives,8.0,0.0
Integration of Interdisciplinary Perspectives,8.0,0.0
Integration of Interdisciplinary Perspectives,7.75,-0.5
Integration of Interdisciplinary Perspectives,7.5,0.0
Integration of Interdisciplinary Perspectives,7.75,-0.5
Integration of Interdisciplinary Perspectives,7.5,0.0
Integration of Interdisciplinary Perspectives,7.0,1.0
Integration of Interdisciplinary Perspectives,8.0,0.0
Integration of Interdisciplinary Perspectives,7.5,0.0
Integration of Interdisciplinary Perspectives,8.0,0.0
Integration of Interdisciplinary Perspectives,8.0,0.0
Integration of Interdisciplinary Perspectives,7.5,0.0
Integration of Interdisciplinary Perspectives,7.75,-0.5
Integration of Interdisciplinary Perspectives,7.5,0.0
Integration of Interdisciplinary Perspectives,7.0,1.0
Integration of Interdisciplinary Perspectives,8.0,0.0
Integration of Interdisciplinary Perspectives,7.75,0.5
Integration of Interdisciplinary Perspectives,7.0,0.0
Integration of Interdisciplinary Perspectives,8.0,-1.0
Integration of Interdisciplinary Perspectives,7.5,0.0
Integration of Interdisciplinary Perspectives,7.75,-0.5
Integration of Interdisciplinary Perspectives,7.5,0.0
Integration of Interdisciplinary Perspectives,7.75,-0.5
Integration of Interdisciplinary Perspectives,7.75,-0.5
Integration of Interdisciplinary Perspectives,7.5,0.0
Integration of Interdisciplinary Perspectives,7.5,1.0
Integration of Interdisciplinary Perspectives,7.75,-0.5
Integration of Interdisciplinary Perspectives,7.25,-1.5
Integration of Interdisciplinary Perspectives,7.5,0.0
Integration of Interdisciplinary Perspectives,7.75,-0.5
Integration of Interdisciplinary Perspectives,7.75,-0.5
Integration of Interdisciplinary Perspectives,7.0,1.0
Integration of Interdisciplinary Perspectives,7.5,0.0
Integration of Interdisciplinary Perspectives,7.25,-0.5
Integration of Interdisciplinary Perspectives,7.0,1.0
Integration of Interdisciplinary Perspectives,7.75,-0.5
Integration of Interdisciplinary Perspectives,7.5,0.0
Integration of Interdisciplinary Perspectives,7.5,0.0
Integration of Interdisciplinary Perspectives,7.75,-0.5
Integration of Interdisciplinary Perspectives,7.5,-1.0
Integration of Interdisciplinary Perspectives,7.75,0.5
Integration of Interdisciplinary Perspectives,7.5,0.0
Integration of Interdisciplinary Perspectives,8.0,0.0
Integration of Interdisciplinary Perspectives,7.5,0.0
Integration of Interdisciplinary Perspectives,7.5,0.0
Integration of Interdisciplinary Perspectives,7.25,1.5
Integration of Interdisciplinary Perspectives,7.25,0.5
Integration of Interdisciplinary Perspectives,7.5,0.0
Integration of Interdisciplinary Perspectives,7.75,-0.5
Integration of Interdisciplinary Perspectives,7.25,-0.5
Integration of Interdisciplinary Perspectives,7.5,0.0
Integration of Interdisciplinary Perspectives,7.5,-1.0
Integration of Interdisciplinary Perspectives,7.75,-0.5
Integration of Interdisciplinary Perspectives,8.0,0.0
Integration of Interdisciplinary Perspectives,7.75,-0.5
Integration of Interdisciplinary Perspectives,7.5,0.0
Integration of Interdisciplinary Perspectives,6.5,-1.0
Integration of Interdisciplinary Perspectives,8.0,0.0
Integration of Interdisciplinary Perspectives,8.0,0.0
Integration of Interdisciplinary Perspectives,6.75,-0.5
Integration of Interdisciplinary Perspectives,7.5,0.0
Integration of Interdisciplinary Perspectives,7.5,0.0
Integration of Interdisciplinary Perspectives,7.5,0.0
Integration of Interdisciplinary Perspectives,7.0,1.0
Integration of Interdisciplinary Perspectives,7.0,1.0
Integration of Interdisciplinary Perspectives,7.75,-0.5
Integration of Interdisciplinary Perspectives,7.25,0.5
Integration of Interdisciplinary Perspectives,7.5,0.0
Integration of Interdisciplinary Perspectives,7.5,0.0
Integration of Interdisciplinary Perspectives,7.5,0.0
Integration of Interdisciplinary Perspectives,6.85,-0.10000000000000053
Integration of Interdisciplinary Perspectives,7.5,0.0
Integration of Interdisciplinary Perspectives,7.25,0.5
Integration of Interdisciplinary Perspectives,7.25,0.5
Integration of Interdisciplinary Perspectives,7.75,-0.5
Integration of Interdisciplinary Perspectives,8.0,0.0
Integration of Interdisciplinary Perspectives,7.0,1.0
Integration of Interdisciplinary Perspectives,7.5,0.0
Integration of Interdisciplinary Perspectives,7.25,0.5
Integration of Interdisciplinary Perspectives,7.75,-0.5
Integration of Interdisciplinary Perspectives,8.0,0.0
Integration of Interdisciplinary Perspectives,7.25,0.5
Integration of Interdisciplinary Perspectives,7.0,0.8000000000000007
Integration of Interdisciplinary Perspectives,6.5,1.0
Integration of Interdisciplinary Perspectives,8.0,0.0
Integration of Interdisciplinary Perspectives,7.5,0.0
Integration of Interdisciplinary Perspectives,7.5,0.0
Integration of Interdisciplinary Perspectives,7.95,0.09999999999999964
Integration of Interdisciplinary Perspectives,7.75,-0.5
Integration of Interdisciplinary Perspectives,8.0,0.0
Integration of Interdisciplinary Perspectives,8.0,-1.0
Integration of Interdisciplinary Perspectives,7.25,0.5
Integration of Interdisciplinary Perspectives,7.5,0.0
Integration of Interdisciplinary Perspectives,7.5,0.0
Integration of Interdisciplinary Perspectives,6.75,-0.5
Integration of Interdisciplinary Perspectives,7.5,0.0
Integration of Interdisciplinary Perspectives,7.5,0.0
Integration of Interdisciplinary Perspectives,7.75,0.5
Integration of Interdisciplinary Perspectives,7.75,-0.5
Integration of Interdisciplinary Perspectives,7.5,0.0
Integration of Interdisciplinary Perspectives,7.5,0.0
Integration of Interdisciplinary Perspectives,7.5,0.0
Integration of Interdisciplinary Perspectives,7.0,-1.0
Integration of Interdisciplinary Perspectives,7.0,0.0
Integration of Interdisciplinary Perspectives,8.0,0.0
Integration of Interdisciplinary Perspectives,7.5,1.0
Integration of Interdisciplinary Perspectives,8.0,0.0
Integration of Interdisciplinary Perspectives,7.5,0.0
Integration of Interdisciplinary Perspectives,7.5,0.0
Integration of Interdisciplinary Perspectives,7.0,1.0
Integration of Interdisciplinary Perspectives,7.5,0.0
Integration of Interdisciplinary Perspectives,8.0,0.0
Integration of Interdisciplinary Perspectives,7.5,0.0
Integration of Interdisciplinary Perspectives,7.75,-0.5
Integration of Interdisciplinary Perspectives,7.0,-1.0
Integration of Interdisciplinary Perspectives,7.25,1.5
Integration of Interdisciplinary Perspectives,8.0,0.0
Integration of Interdisciplinary Perspectives,8.0,-1.0
Integration of Interdisciplinary Perspectives,7.75,-0.5
Integration of Interdisciplinary Perspectives,7.75,-0.5
Integration of Interdisciplinary Perspectives,7.0,1.0
Integration of Interdisciplinary Perspectives,8.0,0.0
Integration of Interdisciplinary Perspectives,8.0,0.0
Integration of Interdisciplinary Perspectives,7.0,0.0
Integration of Interdisciplinary Perspectives,7.5,0.0
Integration of Interdisciplinary Perspectives,7.5,0.0
Integration of Interdisciplinary Perspectives,7.75,-1.5
Integration of Interdisciplinary Perspectives,7.5,0.0
Integration of Interdisciplinary Perspectives,7.9,-0.20000000000000018
Integration of Interdisciplinary Perspectives,8.0,0.0
Integration of Interdisciplinary Perspectives,7.5,0.0
Integration of Interdisciplinary Perspectives,7.75,-0.5
Integration of Interdisciplinary Perspectives,8.0,0.0
Integration of Interdisciplinary Perspectives,7.5,0.0
Integration of Interdisciplinary Perspectives,8.0,0.0
Integration of Interdisciplinary Perspectives,7.75,-0.5
Integration of Interdisciplinary Perspectives,7.75,-0.5
Integration of Interdisciplinary Perspectives,7.5,0.0
Integration of Interdisciplinary Perspectives,6.75,-1.5
Integration of Interdisciplinary Perspectives,7.75,-0.5
Integration of Interdisciplinary Perspectives,7.5,0.0
Integration of Interdisciplinary Perspectives,7.25,0.5
Integration of Interdisciplinary Perspectives,7.75,-0.5
Integration of Interdisciplinary Perspectives,7.5,0.0
Integration of Interdisciplinary Perspectives,6.5,1.0
Integration of Interdisciplinary Perspectives,8.0,0.0
Integration of Interdisciplinary Perspectives,7.5,0.0
Integration of Interdisciplinary Perspectives,7.5,0.0
Integration of Interdisciplinary Perspectives,7.75,-0.5
Integration of Interdisciplinary Perspectives,7.25,-0.5
Integration of Interdisciplinary Perspectives,7.75,-0.5
Integration of Interdisciplinary Perspectives,7.25,-0.5
Integration of Interdisciplinary Perspectives,8.0,-1.0
Integration of Interdisciplinary Perspectives,7.0,1.0
Integration of Interdisciplinary Perspectives,7.5,0.0
Integration of Interdisciplinary Perspectives,7.75,-0.5
Integration of Interdisciplinary Perspectives,7.25,0.5
Integration of Interdisciplinary Perspectives,7.5,0.0
Integration of Interdisciplinary Perspectives,6.5,1.0
Integration of Interdisciplinary Perspectives,8.0,0.0
Integration of Interdisciplinary Perspectives,7.75,-0.5
Integration of Interdisciplinary Perspectives,7.5,0.0
Integration of Interdisciplinary Perspectives,7.25,0.5
Integration of Interdisciplinary Perspectives,7.5,0.0
Integration of Interdisciplinary Perspectives,7.5,0.0
Integration of Interdisciplinary Perspectives,7.5,0.0
Integration of Interdisciplinary Perspectives,6.5,-1.0
Integration of Interdisciplinary Perspectives,7.5,-1.0
Integration of Interdisciplinary Perspectives,8.0,1.0
Integration of Interdisciplinary Perspectives,7.75,0.5
Integration of Interdisciplinary Perspectives,7.45,0.5
Integration of Interdisciplinary Perspectives,7.5,0.0
Integration of Interdisciplinary Perspectives,7.5,0.0
Integration of Interdisciplinary Perspectives,8.0,-1.0
Integration of Interdisciplinary Perspectives,7.0,1.0
Integration of Interdisciplinary Perspectives,7.75,-0.5
Integration of Interdisciplinary Perspectives,7.25,-0.5
Integration of Interdisciplinary Perspectives,7.25,-0.5
Integration of Interdisciplinary Perspectives,7.75,-0.5
Integration of Interdisciplinary Perspectives,7.25,0.5
Integration of Interdisciplinary Perspectives,7.5,0.0
Integration of Interdisciplinary Perspectives,8.0,-1.0
Integration of Interdisciplinary Perspectives,7.5,0.0
Integration of Interdisciplinary Perspectives,7.75,-0.5
Integration of Interdisciplinary Perspectives,7.5,0.0
Integration of Interdisciplinary Perspectives,7.5,0.0
Integration of Interdisciplinary Perspectives,7.0,1.0
Integration of Interdisciplinary Perspectives,7.5,0.0
Integration of Interdisciplinary Perspectives,8.0,0.0
Integration of Interdisciplinary Perspectives,7.5,0.0
Integration of Interdisciplinary Perspectives,7.5,0.0
Integration of Interdisciplinary Perspectives,8.0,0.0
Integration of Interdisciplinary Perspectives,8.0,0.0
Integration of Interdisciplinary Perspectives,7.5,0.0
Integration of Interdisciplinary Perspectives,6.85,0.2999999999999998
Integration of Interdisciplinary Perspectives,7.75,-0.5
Integration of Interdisciplinary Perspectives,7.5,0.0
Integration of Interdisciplinary Perspectives,7.5,0.0
Integration of Interdisciplinary Perspectives,7.0,0.0
Integration of Interdisciplinary Perspectives,7.5,0.0
Integration of Interdisciplinary Perspectives,7.5,0.0
Integration of Interdisciplinary Perspectives,7.5,0.0
Integration of Interdisciplinary Perspectives,7.75,-0.5
Integration of Interdisciplinary Perspectives,7.5,1.0
Integration of Interdisciplinary Perspectives,7.5,0.0
Integration of Interdisciplinary Perspectives,7.75,-0.5
Integration of Interdisciplinary Perspectives,8.0,0.0
Integration of Interdisciplinary Perspectives,7.5,0.0
Integration of Interdisciplinary Perspectives,7.5,0.0
Integration of Interdisciplinary Perspectives,7.5,0.0
Integration of Interdisciplinary Perspectives,7.5,0.0
Integration of Interdisciplinary Perspectives,7.25,0.5
Integration of Interdisciplinary Perspectives,7.75,-0.5
Integration of Interdisciplinary Perspectives,7.5,0.0
Integration of Interdisciplinary Perspectives,7.75,-0.5
Integration of Interdisciplinary Perspectives,7.5,0.0
Integration of Interdisciplinary Perspectives,7.5,1.0
Integration of Interdisciplinary Perspectives,8.0,0.0
Integration of Interdisciplinary Perspectives,7.5,0.0
Integration of Interdisciplinary Perspectives,7.75,0.5
Integration of Interdisciplinary Perspectives,6.0,0.0
Integration of Interdisciplinary Perspectives,7.5,0.0
Integration of Interdisciplinary Perspectives,8.0,0.0
Integration of Interdisciplinary Perspectives,8.0,0.0
Integration of Interdisciplinary Perspectives,8.0,0.0
Integration of Interdisciplinary Perspectives,8.0,-1.0
Integration of Interdisciplinary Perspectives,8.0,0.0
Integration of Interdisciplinary Perspectives,7.75,-0.5
Integration of Interdisciplinary Perspectives,7.25,-0.5
Integration of Interdisciplinary Perspectives,7.0,0.0
Integration of Interdisciplinary Perspectives,7.5,0.0
Integration of Interdisciplinary Perspectives,7.0,1.0
Integration of Interdisciplinary Perspectives,7.5,0.0
Integration of Interdisciplinary Perspectives,8.0,0.0
Integration of Interdisciplinary Perspectives,7.75,-0.5
Integration of Interdisciplinary Perspectives,8.0,0.0
Integration of Interdisciplinary Perspectives,7.75,-0.5
Integration of Interdisciplinary Perspectives,8.0,0.0
Integration of Interdisciplinary Perspectives,8.0,0.0
Integration of Interdisciplinary Perspectives,7.5,0.0
Integration of Interdisciplinary Perspectives,7.25,1.5
Integration of Interdisciplinary Perspectives,7.25,-0.5
Integration of Interdisciplinary Perspectives,7.5,0.0
Integration of Interdisciplinary Perspectives,7.5,0.0
Integration of Interdisciplinary Perspectives,8.0,0.0
Integration of Interdisciplinary Perspectives,7.25,0.5
Integration of Interdisciplinary Perspectives,7.0,1.0
Integration of Interdisciplinary Perspectives,7.75,0.5
Integration of Interdisciplinary Perspectives,7.25,0.5
Integration of Interdisciplinary Perspectives,7.5,0.0
Integration of Interdisciplinary Perspectives,8.0,-1.0
Integration of Interdisciplinary Perspectives,7.0,1.0
Integration of Interdisciplinary Perspectives,8.0,0.0
Integration of Interdisciplinary Perspectives,8.0,0.0
Integration of Interdisciplinary Perspectives,8.0,0.0
Integration of Interdisciplinary Perspectives,8.0,0.0
Integration of Interdisciplinary Perspectives,8.0,0.0
Integration of Interdisciplinary Perspectives,7.75,-1.5
Integration of Interdisciplinary Perspectives,7.75,0.5
Integration of Interdisciplinary Perspectives,7.75,-0.5
Integration of Interdisciplinary Perspectives,8.0,0.0
Integration of Interdisciplinary Perspectives,7.75,-0.5
Integration of Interdisciplinary Perspectives,7.25,0.5
Integration of Interdisciplinary Perspectives,7.5,0.0
Integration of Interdisciplinary Perspectives,7.5,0.0
Integration of Interdisciplinary Perspectives,7.5,0.0
Integration of Interdisciplinary Perspectives,7.0,1.0
Integration of Interdisciplinary Perspectives,7.0,1.0
Integration of Interdisciplinary Perspectives,7.6,0.39999999999999947
Integration of Interdisciplinary Perspectives,8.0,0.0
Integration of Interdisciplinary Perspectives,7.75,-0.5
Integration of Interdisciplinary Perspectives,7.5,0.0
Integration of Interdisciplinary Perspectives,7.75,-1.5
Integration of Interdisciplinary Perspectives,7.75,-0.5
Integration of Interdisciplinary Perspectives,7.25,-0.5
Integration of Interdisciplinary Perspectives,7.5,0.0
Integration of Interdisciplinary Perspectives,7.75,-0.5
Integration of Interdisciplinary Perspectives,7.75,-0.5
Integration of Interdisciplinary Perspectives,7.5,0.0
Integration of Interdisciplinary Perspectives,7.75,-0.5
Integration of Interdisciplinary Perspectives,7.5,0.0
Integration of Interdisciplinary Perspectives,8.0,0.0
Integration of Interdisciplinary Perspectives,7.75,-0.5
Integration of Interdisciplinary Perspectives,7.75,0.5
Integration of Interdisciplinary Perspectives,7.5,0.0
Integration of Interdisciplinary Perspectives,7.5,0.0
Integration of Interdisciplinary Perspectives,7.5,0.0
Integration of Interdisciplinary Perspectives,7.25,0.5
Integration of Interdisciplinary Perspectives,7.75,-0.5
Integration of Interdisciplinary Perspectives,8.0,0.0
Integration of Interdisciplinary Perspectives,7.5,0.0
Integration of Interdisciplinary Perspectives,7.75,-0.5
Integration of Interdisciplinary Perspectives,7.5,0.0
Integration of Interdisciplinary Perspectives,8.0,0.0
Integration of Interdisciplinary Perspectives,7.5,0.0
Integration of Interdisciplinary Perspectives,7.75,0.5
Integration of Interdisciplinary Perspectives,7.5,0.0
Integration of Interdisciplinary Perspectives,7.25,-0.5
Integration of Interdisciplinary Perspectives,7.5,0.0
Integration of Interdisciplinary Perspectives,8.0,0.0
Integration of Interdisciplinary Perspectives,8.0,-1.0
Integration of Interdisciplinary Perspectives,8.0,0.0
Integration of Interdisciplinary Perspectives,7.5,0.0
Integration of Interdisciplinary Perspectives,8.0,0.0
Integration of Interdisciplinary Perspectives,8.0,0.0
Integration of Interdisciplinary Perspectives,7.75,-0.5
Integration of Interdisciplinary Perspectives,8.0,0.0
Integration of Interdisciplinary Perspectives,8.0,0.0
Integration of Interdisciplinary Perspectives,7.25,0.5
Integration of Interdisciplinary Perspectives,8.0,0.0
Integration of Interdisciplinary Perspectives,7.5,0.0
Integration of Interdisciplinary Perspectives,7.5,0.0
Integration of Interdisciplinary Perspectives,7.0,0.0
Integration of Interdisciplinary Perspectives,7.75,0.09999999999999964
Integration of Interdisciplinary Perspectives,7.5,0.0
Integration of Interdisciplinary Perspectives,7.5,0.0
Integration of Interdisciplinary Perspectives,7.8,-0.40000000000000036
Integration of Interdisciplinary Perspectives,7.0,0.0
Integration of Interdisciplinary Perspectives,7.5,0.0
Integration of Interdisciplinary Perspectives,7.25,0.5
Integration of Interdisciplinary Perspectives,8.0,0.0
Integration of Interdisciplinary Perspectives,7.25,0.5
Integration of Interdisciplinary Perspectives,8.0,0.0
Integration of Interdisciplinary Perspectives,8.0,0.0
Integration of Interdisciplinary Perspectives,7.0,-1.0
Integration of Interdisciplinary Perspectives,7.5,0.0
Integration of Interdisciplinary Perspectives,7.75,-0.5
Integration of Interdisciplinary Perspectives,7.25,-0.5
Integration of Interdisciplinary Perspectives,7.75,-0.5
Integration of Interdisciplinary Perspectives,7.75,-0.5
Integration of Interdisciplinary Perspectives,7.5,0.0
Integration of Interdisciplinary Perspectives,7.0,1.0
Integration of Interdisciplinary Perspectives,7.75,-0.5
Integration of Interdisciplinary Perspectives,7.5,0.0
Integration of Interdisciplinary Perspectives,7.75,-0.5
Integration of Interdisciplinary Perspectives,8.0,0.0
Integration of Interdisciplinary Perspectives,7.5,0.0
Integration of Interdisciplinary Perspectives,8.0,0.0
Integration of Interdisciplinary Perspectives,7.5,0.0
Integration of Interdisciplinary Perspectives,7.0,0.0
Integration of Interdisciplinary Perspectives,8.0,0.0
Integration of Interdisciplinary Perspectives,8.0,0.0
Integration of Interdisciplinary Perspectives,8.0,0.0
Integration of Interdisciplinary Perspectives,7.75,-0.5
Integration of Interdisciplinary Perspectives,7.75,-0.5
Integration of Interdisciplinary Perspectives,6.75,1.5
Integration of Interdisciplinary Perspectives,8.0,0.0
Integration of Interdisciplinary Perspectives,7.5,0.0
Integration of Interdisciplinary Perspectives,7.0,0.0
Integration of Interdisciplinary Perspectives,5.5,-1.0
Integration of Interdisciplinary Perspectives,7.75,0.5
Integration of Interdisciplinary Perspectives,7.75,-0.5
Integration of Interdisciplinary Perspectives,7.5,0.0
Integration of Interdisciplinary Perspectives,7.5,0.0
Integration of Interdisciplinary Perspectives,7.0,1.0
Integration of Interdisciplinary Perspectives,8.0,0.0
Integration of Interdisciplinary Perspectives,7.75,-1.5
Integration of Interdisciplinary Perspectives,7.25,0.5
Integration of Interdisciplinary Perspectives,7.5,0.0
Integration of Interdisciplinary Perspectives,7.5,0.0
Integration of Interdisciplinary Perspectives,7.75,-0.5
Integration of Interdisciplinary Perspectives,7.5,-1.0
Integration of Interdisciplinary Perspectives,8.0,0.0
Integration of Interdisciplinary Perspectives,7.0,0.0
Integration of Interdisciplinary Perspectives,7.5,0.0
Integration of Interdisciplinary Perspectives,8.0,0.0
Integration of Interdisciplinary Perspectives,7.5,0.0
Integration of Interdisciplinary Perspectives,7.0,0.0
Integration of Interdisciplinary Perspectives,8.25,-1.5
Integration of Interdisciplinary Perspectives,7.5,0.0
Integration of Interdisciplinary Perspectives,7.5,0.0
Integration of Interdisciplinary Perspectives,8.0,0.0
Integration of Interdisciplinary Perspectives,7.5,0.0
Integration of Interdisciplinary Perspectives,7.5,0.0
Integration of Interdisciplinary Perspectives,8.0,-1.0
Integration of Interdisciplinary Perspectives,7.5,0.0
Integration of Interdisciplinary Perspectives,7.0,1.0
Integration of Interdisciplinary Perspectives,7.5,1.0
Integration of Interdisciplinary Perspectives,7.25,-0.5
Integration of Interdisciplinary Perspectives,7.5,0.0
Integration of Interdisciplinary Perspectives,7.75,-1.5
Integration of Interdisciplinary Perspectives,7.5,0.0
Integration of Interdisciplinary Perspectives,7.5,0.0
Integration of Interdisciplinary Perspectives,8.0,-1.0
Integration of Interdisciplinary Perspectives,7.75,-0.5
Integration of Interdisciplinary Perspectives,7.0,0.0
Integration of Interdisciplinary Perspectives,7.75,0.5
Integration of Interdisciplinary Perspectives,7.5,0.0
Integration of Interdisciplinary Perspectives,8.0,-1.0
Integration of Interdisciplinary Perspectives,8.0,0.0
Integration of Interdisciplinary Perspectives,7.75,-0.5
Integration of Interdisciplinary Perspectives,7.5,0.0
Integration of Interdisciplinary Perspectives,8.0,-1.0
Integration of Interdisciplinary Perspectives,7.75,-0.5
Integration of Interdisciplinary Perspectives,7.5,0.0
Integration of Interdisciplinary Perspectives,7.5,0.0
Integration of Interdisciplinary Perspectives,6.5,0.0
Integration of Interdisciplinary Perspectives,7.25,0.5
Integration of Interdisciplinary Perspectives,7.5,0.0
Integration of Interdisciplinary Perspectives,7.25,-0.5
Integration of Interdisciplinary Perspectives,7.25,0.5
Integration of Interdisciplinary Perspectives,7.5,0.0
Integration of Interdisciplinary Perspectives,7.5,0.0
Integration of Interdisciplinary Perspectives,8.0,0.0
Integration of Interdisciplinary Perspectives,7.75,-0.5
Integration of Interdisciplinary Perspectives,7.5,0.0
Integration of Interdisciplinary Perspectives,8.0,0.0
Integration of Interdisciplinary Perspectives,7.5,0.0
Integration of Interdisciplinary Perspectives,7.75,-0.5
Integration of Interdisciplinary Perspectives,7.75,-0.5
Integration of Interdisciplinary Perspectives,7.75,-0.5
Integration of Interdisciplinary Perspectives,7.85,0.2999999999999998
Integration of Interdisciplinary Perspectives,6.25,-0.5
Integration of Interdisciplinary Perspectives,7.5,0.0
Integration of Interdisciplinary Perspectives,7.15,0.5
Integration of Interdisciplinary Perspectives,7.5,-1.0
Integration of Interdisciplinary Perspectives,7.75,-0.5
Integration of Interdisciplinary Perspectives,7.75,-0.5
Integration of Interdisciplinary Perspectives,8.0,0.0
Integration of Interdisciplinary Perspectives,8.0,0.0
Integration of Interdisciplinary Perspectives,8.0,0.0
Integration of Interdisciplinary Perspectives,8.0,0.0
Clarity of Logical Structure,8.75,0.5
Clarity of Logical Structure,9.0,0.0
Clarity of Logical Structure,8.0,0.0
Clarity of Logical Structure,8.4,0.0
Clarity of Logical Structure,8.75,0.5
Clarity of Logical Structure,8.9,0.1999999999999993
Clarity of Logical Structure,9.25,0.5
Clarity of Logical Structure,8.25,0.5
Clarity of Logical Structure,8.75,0.5
Clarity of Logical Structure,8.75,0.5
Clarity of Logical Structure,9.0,0.0
Clarity of Logical Structure,8.5,1.0
Clarity of Logical Structure,8.75,0.5
Clarity of Logical Structure,8.75,0.5
Clarity of Logical Structure,8.5,-1.0
Clarity of Logical Structure,8.5,0.0
Clarity of Logical Structure,8.75,0.5
Clarity of Logical Structure,9.0,0.0
Clarity of Logical Structure,9.0,0.0
Clarity of Logical Structure,8.5,0.0
Clarity of Logical Structure,8.75,0.5
Clarity of Logical Structure,8.75,0.5
Clarity of Logical Structure,8.75,-0.5
Clarity of Logical Structure,8.75,0.5
Clarity of Logical Structure,8.5,1.0
Clarity of Logical Structure,8.75,0.5
Clarity of Logical Structure,8.25,1.5
Clarity of Logical Structure,9.25,0.5
Clarity of Logical Structure,8.75,-0.5
Clarity of Logical Structure,8.75,0.5
Clarity of Logical Structure,8.25,0.5
Clarity of Logical Structure,8.5,0.0
Clarity of Logical Structure,8.75,-0.5
Clarity of Logical Structure,8.0,1.0
Clarity of Logical Structure,8.5,1.0
Clarity of Logical Structure,8.5,1.0
Clarity of Logical Structure,9.5,0.0
Clarity of Logical Structure,8.75,0.5
Clarity of Logical Structure,8.5,0.0
Clarity of Logical Structure,8.75,0.5
Clarity of Logical Structure,9.0,0.0
Clarity of Logical Structure,9.0,0.0
Clarity of Logical Structure,8.25,0.5
Clarity of Logical Structure,8.75,0.5
Clarity of Logical Structure,8.75,0.5
Clarity of Logical Structure,8.25,1.5
Clarity of Logical Structure,8.5,1.0
Clarity of Logical Structure,8.0,0.0
Clarity of Logical Structure,8.5,1.0
Clarity of Logical Structure,9.0,0.0
Clarity of Logical Structure,8.5,1.0
Clarity of Logical Structure,8.5,0.0
Clarity of Logical Structure,8.5,1.0
Clarity of Logical Structure,8.75,0.5
Clarity of Logical Structure,8.5,0.0
Clarity of Logical Structure,7.75,-1.5
Clarity of Logical Structure,8.75,0.5
Clarity of Logical Structure,8.75,0.5
Clarity of Logical Structure,8.75,0.5
Clarity of Logical Structure,9.0,0.0
Clarity of Logical Structure,8.75,0.5
Clarity of Logical Structure,8.75,0.5
Clarity of Logical Structure,8.75,0.5
Clarity of Logical Structure,9.25,-0.5
Clarity of Logical Structure,8.5,0.0
Clarity of Logical Structure,8.5,1.0
Clarity of Logical Structure,8.25,1.5
Clarity of Logical Structure,8.75,0.5
Clarity of Logical Structure,9.0,1.0
Clarity of Logical Structure,8.0,1.0
Clarity of Logical Structure,8.75,-0.5
Clarity of Logical Structure,8.5,-1.0
Clarity of Logical Structure,8.5,1.0
Clarity of Logical Structure,8.5,0.0
Clarity of Logical Structure,8.5,0.0
Clarity of Logical Structure,8.75,-0.5
Clarity of Logical Structure,8.5,0.0
Clarity of Logical Structure,8.0,2.0
Clarity of Logical Structure,8.75,0.5
Clarity of Logical Structure,8.5,1.0
Clarity of Logical Structure,8.25,1.5
Clarity of Logical Structure,8.75,-0.5
Clarity of Logical Structure,8.0,0.0
Clarity of Logical Structure,8.5,0.0
Clarity of Logical Structure,8.5,0.0
Clarity of Logical Structure,9.0,0.0
Clarity of Logical Structure,8.75,0.5
Clarity of Logical Structure,8.75,0.5
Clarity of Logical Structure,9.0,0.0
Clarity of Logical Structure,8.0,0.0
Clarity of Logical Structure,8.75,0.5
Clarity of Logical Structure,8.75,0.5
Clarity of Logical Structure,8.5,0.0
Clarity of Logical Structure,9.25,-0.5
Clarity of Logical Structure,9.0,0.0
Clarity of Logical Structure,8.75,0.5
Clarity of Logical Structure,8.25,-0.5
Clarity of Logical Structure,8.5,-1.0
Clarity of Logical Structure,8.45,1.0999999999999996
Clarity of Logical Structure,9.0,0.0
Clarity of Logical Structure,8.75,-0.5
Clarity of Logical Structure,8.25,0.5
Clarity of Logical Structure,8.0,1.0
Clarity of Logical Structure,8.75,0.5
Clarity of Logical Structure,8.75,0.5
Clarity of Logical Structure,8.25,0.5
Clarity of Logical Structure,8.25,0.5
Clarity of Logical Structure,9.0,1.0
Clarity of Logical Structure,8.5,0.0
Clarity of Logical Structure,9.25,-0.5
Clarity of Logical Structure,9.1,0.1999999999999993
Clarity of Logical Structure,8.75,0.5
Clarity of Logical Structure,9.0,0.0
Clarity of Logical Structure,8.5,0.0
Clarity of Logical Structure,9.0,0.0
Clarity of Logical Structure,8.75,-0.5
Clarity of Logical Structure,8.25,-0.5
Clarity of Logical Structure,8.75,0.5
Clarity of Logical Structure,8.5,0.0
Clarity of Logical Structure,8.7,0.5999999999999996
Clarity of Logical Structure,8.75,0.5
Clarity of Logical Structure,8.75,-0.5
Clarity of Logical Structure,9.0,0.0
Clarity of Logical Structure,8.75,0.5
Clarity of Logical Structure,8.75,-0.5
Clarity of Logical Structure,8.75,0.5
Clarity of Logical Structure,9.0,0.0
Clarity of Logical Structure,8.25,1.5
Clarity of Logical Structure,9.0,1.0
Clarity of Logical Structure,8.75,0.5
Clarity of Logical Structure,8.75,-0.5
Clarity of Logical Structure,8.75,0.5
Clarity of Logical Structure,9.25,-0.5
Clarity of Logical Structure,8.25,1.5
Clarity of Logical Structure,8.5,1.0
Clarity of Logical Structure,8.75,0.5
Clarity of Logical Structure,8.75,0.5
Clarity of Logical Structure,9.25,0.5
Clarity of Logical Structure,8.75,0.5
Clarity of Logical Structure,9.0,0.0
Clarity of Logical Structure,8.5,-1.0
Clarity of Logical Structure,8.75,0.5
Clarity of Logical Structure,8.75,0.5
Clarity of Logical Structure,8.75,0.5
Clarity of Logical Structure,9.25,-0.5
Clarity of Logical Structure,8.75,-0.5
Clarity of Logical Structure,9.25,-0.5
Clarity of Logical Structure,8.75,0.5
Clarity of Logical Structure,8.75,0.5
Clarity of Logical Structure,8.75,0.5
Clarity of Logical Structure,9.25,-0.5
Clarity of Logical Structure,8.75,0.5
Clarity of Logical Structure,8.75,0.5
Clarity of Logical Structure,8.5,1.0
Clarity of Logical Structure,9.25,-0.5
Clarity of Logical Structure,9.25,-0.5
Clarity of Logical Structure,8.75,0.5
Clarity of Logical Structure,8.75,-0.5
Clarity of Logical Structure,8.5,-1.0
Clarity of Logical Structure,8.5,-1.0
Clarity of Logical Structure,8.75,0.5
Clarity of Logical Structure,8.75,-0.5
Clarity of Logical Structure,8.5,1.0
Clarity of Logical Structure,8.75,0.5
Clarity of Logical Structure,8.25,0.5
Clarity of Logical Structure,8.75,0.5
Clarity of Logical Structure,8.5,1.0
Clarity of Logical Structure,9.5,-1.0
Clarity of Logical Structure,8.75,0.5
Clarity of Logical Structure,8.5,0.0
Clarity of Logical Structure,9.25,0.5
Clarity of Logical Structure,8.5,0.0
Clarity of Logical Structure,8.75,0.5
Clarity of Logical Structure,8.0,1.0
Clarity of Logical Structure,8.75,0.5
Clarity of Logical Structure,8.75,0.5
Clarity of Logical Structure,9.0,0.0
Clarity of Logical Structure,8.75,-0.5
Clarity of Logical Structure,8.5,0.0
Clarity of Logical Structure,8.75,-0.5
Clarity of Logical Structure,8.25,0.5
Clarity of Logical Structure,8.75,0.5
Clarity of Logical Structure,9.25,-0.5
Clarity of Logical Structure,8.75,0.5
Clarity of Logical Structure,8.25,-0.5
Clarity of Logical Structure,9.25,0.5
Clarity of Logical Structure,8.5,2.0
Clarity of Logical Structure,8.25,-0.5
Clarity of Logical Structure,9.0,0.0
Clarity of Logical Structure,8.5,0.0
Clarity of Logical Structure,8.25,0.5
Clarity of Logical Structure,8.0,1.0
Clarity of Logical Structure,8.25,0.5
Clarity of Logical Structure,9.25,-0.5
Clarity of Logical Structure,8.5,1.0
Clarity of Logical Structure,8.75,0.5
Clarity of Logical Structure,9.0,0.0
Clarity of Logical Structure,8.5,0.0
Clarity of Logical Structure,8.25,-0.10000000000000142
Clarity of Logical Structure,8.0,0.0
Clarity of Logical Structure,8.5,1.0
Clarity of Logical Structure,8.75,0.5
Clarity of Logical Structure,9.0,0.0
Clarity of Logical Structure,9.0,0.0
Clarity of Logical Structure,8.5,1.0
Clarity of Logical Structure,8.75,0.5
Clarity of Logical Structure,8.25,-0.5
Clarity of Logical Structure,8.75,-0.5
Clarity of Logical Structure,8.5,1.0
Clarity of Logical Structure,8.25,0.5
Clarity of Logical Structure,8.5,1.0
Clarity of Logical Structure,7.25,1.5
Clarity of Logical Structure,8.5,1.0
Clarity of Logical Structure,8.75,0.5
Clarity of Logical Structure,8.75,0.5
Clarity of Logical Structure,8.75,0.5
Clarity of Logical Structure,8.75,-0.5
Clarity of Logical Structure,9.0,0.0
Clarity of Logical Structure,8.75,-0.5
Clarity of Logical Structure,8.25,1.5
Clarity of Logical Structure,8.75,0.5
Clarity of Logical Structure,8.75,0.5
Clarity of Logical Structure,8.5,1.0
Clarity of Logical Structure,9.0,0.0
Clarity of Logical Structure,8.75,0.5
Clarity of Logical Structure,8.75,0.5
Clarity of Logical Structure,8.75,-0.5
Clarity of Logical Structure,8.25,0.5
Clarity of Logical Structure,8.75,0.5
Clarity of Logical Structure,9.0,0.0
Clarity of Logical Structure,8.75,-0.5
Clarity of Logical Structure,9.0,0.0
Clarity of Logical Structure,9.0,0.0
Clarity of Logical Structure,8.25,1.5
Clarity of Logical Structure,8.75,0.5
Clarity of Logical Structure,8.75,0.5
Clarity of Logical Structure,8.75,0.5
Clarity of Logical Structure,8.25,0.5
Clarity of Logical Structure,8.75,0.5
Clarity of Logical Structure,8.75,0.5
Clarity of Logical Structure,8.75,0.5
Clarity of Logical Structure,8.75,-0.5
Clarity of Logical Structure,8.75,-0.5
Clarity of Logical Structure,8.75,0.5
Clarity of Logical Structure,8.75,0.5
Clarity of Logical Structure,9.25,-0.5
Clarity of Logical Structure,8.5,1.0
Clarity of Logical Structure,9.25,-0.5
Clarity of Logical Structure,8.0,1.0
Clarity of Logical Structure,9.0,0.0
Clarity of Logical Structure,9.0,0.0
Clarity of Logical Structure,9.0,0.0
Clarity of Logical Structure,8.5,0.0
Clarity of Logical Structure,8.5,0.0
Clarity of Logical Structure,8.75,-0.5
Clarity of Logical Structure,8.5,0.0
Clarity of Logical Structure,9.0,0.0
Clarity of Logical Structure,9.0,0.0
Clarity of Logical Structure,8.25,0.5
Clarity of Logical Structure,8.0,1.0
Clarity of Logical Structure,9.0,0.0
Clarity of Logical Structure,8.75,0.5
Clarity of Logical Structure,8.75,0.5
Clarity of Logical Structure,8.75,-0.5
Clarity of Logical Structure,8.75,-0.5
Clarity of Logical Structure,9.0,0.0
Clarity of Logical Structure,9.25,-0.5
Clarity of Logical Structure,8.25,-0.5
Clarity of Logical Structure,8.25,0.5
Clarity of Logical Structure,8.5,1.0
Clarity of Logical Structure,8.5,-1.0
Clarity of Logical Structure,8.5,0.0
Clarity of Logical Structure,8.5,1.0
Clarity of Logical Structure,9.0,0.0
Clarity of Logical Structure,9.0,0.0
Clarity of Logical Structure,8.75,0.5
Clarity of Logical Structure,8.75,-0.5
Clarity of Logical Structure,8.75,-0.5
Clarity of Logical Structure,9.25,-0.5
Clarity of Logical Structure,8.75,0.5
Clarity of Logical Structure,9.25,-0.5
Clarity of Logical Structure,8.0,1.0
Clarity of Logical Structure,9.25,-0.5
Clarity of Logical Structure,9.25,-0.5
Clarity of Logical Structure,8.75,0.5
Clarity of Logical Structure,8.75,0.5
Clarity of Logical Structure,8.5,1.0
Clarity of Logical Structure,9.0,0.0
Clarity of Logical Structure,9.0,0.0
Clarity of Logical Structure,8.75,-0.5
Clarity of Logical Structure,8.5,1.0
Clarity of Logical Structure,8.75,0.5
Clarity of Logical Structure,8.75,0.5
Clarity of Logical Structure,8.5,0.0
Clarity of Logical Structure,8.25,-0.5
Clarity of Logical Structure,7.75,1.5
Clarity of Logical Structure,8.0,1.0
Clarity of Logical Structure,8.75,0.5
Clarity of Logical Structure,8.25,0.5
Clarity of Logical Structure,8.25,0.5
Clarity of Logical Structure,8.75,0.5
Clarity of Logical Structure,8.75,-0.5
Clarity of Logical Structure,8.5,1.0
Clarity of Logical Structure,8.0,-2.0
Clarity of Logical Structure,9.0,0.0
Clarity of Logical Structure,8.75,0.5
Clarity of Logical Structure,8.75,-0.5
Clarity of Logical Structure,8.5,1.0
Clarity of Logical Structure,8.75,0.5
Clarity of Logical Structure,9.0,0.0
Clarity of Logical Structure,8.5,0.0
Clarity of Logical Structure,8.75,-0.5
Clarity of Logical Structure,8.75,-0.5
Clarity of Logical Structure,8.5,-1.0
Clarity of Logical Structure,8.25,1.5
Clarity of Logical Structure,8.75,0.5
Clarity of Logical Structure,9.0,0.0
Clarity of Logical Structure,8.75,0.5
Clarity of Logical Structure,8.75,0.5
Clarity of Logical Structure,9.0,0.0
Clarity of Logical Structure,9.0,0.0
Clarity of Logical Structure,8.25,0.5
Clarity of Logical Structure,8.75,0.5
Clarity of Logical Structure,9.25,-0.5
Clarity of Logical Structure,8.75,0.5
Clarity of Logical Structure,8.75,0.5
Clarity of Logical Structure,8.0,0.0
Clarity of Logical Structure,8.5,0.0
Clarity of Logical Structure,9.0,0.0
Clarity of Logical Structure,8.5,0.0
Clarity of Logical Structure,9.0,0.0
Clarity of Logical Structure,8.75,0.5
Clarity of Logical Structure,8.75,0.5
Clarity of Logical Structure,8.75,-0.5
Clarity of Logical Structure,9.0,0.0
Clarity of Logical Structure,8.75,0.5
Clarity of Logical Structure,8.5,0.0
Clarity of Logical Structure,8.25,1.5
Clarity of Logical Structure,8.75,-0.5
Clarity of Logical Structure,8.25,0.5
Clarity of Logical Structure,8.25,0.5
Clarity of Logical Structure,8.75,0.5
Clarity of Logical Structure,8.75,-0.5
Clarity of Logical Structure,8.75,0.5
Clarity of Logical Structure,8.5,1.0
Clarity of Logical Structure,9.25,0.5
Clarity of Logical Structure,8.5,0.0
Clarity of Logical Structure,8.25,0.5
Clarity of Logical Structure,8.0,0.0
Clarity of Logical Structure,8.75,0.5
Clarity of Logical Structure,8.75,0.5
Clarity of Logical Structure,9.0,0.0
Clarity of Logical Structure,9.0,0.0
Clarity of Logical Structure,9.25,-0.5
Clarity of Logical Structure,8.5,1.0
Clarity of Logical Structure,8.75,0.5
Clarity of Logical Structure,8.75,0.5
Clarity of Logical Structure,8.5,0.0
Clarity of Logical Structure,8.25,0.5
Clarity of Logical Structure,8.75,0.5
Clarity of Logical Structure,8.5,0.0
Clarity of Logical Structure,8.75,0.5
Clarity of Logical Structure,9.0,0.0
Clarity of Logical Structure,8.5,1.0
Clarity of Logical Structure,9.0,0.0
Clarity of Logical Structure,9.25,0.5
Clarity of Logical Structure,8.75,0.5
Clarity of Logical Structure,9.0,0.0
Clarity of Logical Structure,8.75,0.5
Clarity of Logical Structure,8.5,1.0
Clarity of Logical Structure,8.75,-0.5
Clarity of Logical Structure,8.75,0.5
Clarity of Logical Structure,8.5,1.0
Clarity of Logical Structure,8.75,0.5
Clarity of Logical Structure,8.25,0.5
Clarity of Logical Structure,8.75,0.5
Clarity of Logical Structure,8.0,2.0
Clarity of Logical Structure,8.75,-0.5
Clarity of Logical Structure,9.25,-0.5
Clarity of Logical Structure,7.75,0.5
Clarity of Logical Structure,9.25,0.5
Clarity of Logical Structure,8.5,1.0
Clarity of Logical Structure,8.75,0.5
Clarity of Logical Structure,8.25,1.5
Clarity of Logical Structure,8.75,0.5
Clarity of Logical Structure,9.25,-0.5
Clarity of Logical Structure,8.75,0.5
Clarity of Logical Structure,9.25,-0.5
Clarity of Logical Structure,9.25,0.5
Clarity of Logical Structure,8.75,-0.5
Clarity of Logical Structure,8.75,0.5
Clarity of Logical Structure,8.5,0.0
Clarity of Logical Structure,8.5,0.0
Clarity of Logical Structure,8.75,0.5
Clarity of Logical Structure,7.75,1.5
Clarity of Logical Structure,8.5,1.0
Clarity of Logical Structure,8.75,0.5
Clarity of Logical Structure,9.0,0.0
Clarity of Logical Structure,8.5,-1.0
Clarity of Logical Structure,8.75,0.5
Clarity of Logical Structure,9.25,-0.5
Clarity of Logical Structure,8.25,1.5
Clarity of Logical Structure,8.75,-0.5
Clarity of Logical Structure,8.75,0.5
Clarity of Logical Structure,8.75,-0.5
Clarity of Logical Structure,8.75,-0.5
Clarity of Logical Structure,9.0,0.0
Clarity of Logical Structure,8.5,0.0
Clarity of Logical Structure,8.75,0.5
Clarity of Logical Structure,8.75,0.5
Clarity of Logical Structure,8.25,-0.5
Clarity of Logical Structure,8.25,0.5
Clarity of Logical Structure,8.75,0.5
Clarity of Logical Structure,9.25,0.5
Clarity of Logical Structure,8.75,0.5
Clarity of Logical Structure,8.0,1.0
Clarity of Logical Structure,9.0,0.0
Clarity of Logical Structure,9.0,0.0
Clarity of Logical Structure,9.0,0.0
Clarity of Logical Structure,9.0,0.0
Clarity of Logical Structure,8.75,0.5
Clarity of Logical Structure,8.75,0.5
Clarity of Logical Structure,8.75,0.5
Clarity of Logical Structure,8.75,0.5
Clarity of Logical Structure,8.5,0.0
Clarity of Logical Structure,8.25,-0.5
Clarity of Logical Structure,8.25,0.5
Clarity of Logical Structure,8.5,1.0
Clarity of Logical Structure,8.25,-0.5
Clarity of Logical Structure,8.75,0.5
Clarity of Logical Structure,8.75,0.5
Clarity of Logical Structure,9.25,0.5
Clarity of Logical Structure,9.0,0.0
Clarity of Logical Structure,8.75,-0.5
Clarity of Logical Structure,8.5,1.0
Clarity of Logical Structure,9.5,-1.0
Clarity of Logical Structure,8.25,0.5
Clarity of Logical Structure,8.5,1.0
Clarity of Logical Structure,8.75,0.5
Clarity of Logical Structure,8.5,0.0
Clarity of Logical Structure,8.5,0.0
Clarity of Logical Structure,8.9,0.1999999999999993
Clarity of Logical Structure,8.75,0.5
Clarity of Logical Structure,8.5,0.0
Clarity of Logical Structure,8.9,-0.1999999999999993
Clarity of Logical Structure,8.25,0.5
Clarity of Logical Structure,8.75,-0.5
Clarity of Logical Structure,8.25,0.5
Clarity of Logical Structure,9.0,0.0
Clarity of Logical Structure,8.25,1.5
Clarity of Logical Structure,8.75,0.5
Clarity of Logical Structure,9.0,0.0
Clarity of Logical Structure,9.0,0.0
Clarity of Logical Structure,8.75,0.5
Clarity of Logical Structure,8.75,-0.5
Clarity of Logical Structure,9.25,-0.5
Clarity of Logical Structure,8.75,-0.5
Clarity of Logical Structure,9.0,0.0
Clarity of Logical Structure,8.75,0.5
Clarity of Logical Structure,8.5,1.0
Clarity of Logical Structure,8.75,-0.5
Clarity of Logical Structure,8.75,0.5
Clarity of Logical Structure,9.0,0.0
Clarity of Logical Structure,9.0,0.0
Clarity of Logical Structure,8.5,0.0
Clarity of Logical Structure,9.0,1.0
Clarity of Logical Structure,8.5,0.0
Clarity of Logical Structure,8.75,0.5
Clarity of Logical Structure,9.0,0.0
Clarity of Logical Structure,8.5,1.0
Clarity of Logical Structure,9.25,0.5
Clarity of Logical Structure,9.5,0.0
Clarity of Logical Structure,8.75,0.5
Clarity of Logical Structure,8.25,1.5
Clarity of Logical Structure,9.0,1.0
Clarity of Logical Structure,8.75,-0.5
Clarity of Logical Structure,8.5,0.0
Clarity of Logical Structure,8.0,0.0
Clarity of Logical Structure,8.75,0.5
Clarity of Logical Structure,9.25,-0.5
Clarity of Logical Structure,8.5,0.0
Clarity of Logical Structure,8.5,0.0
Clarity of Logical Structure,7.75,1.5
Clarity of Logical Structure,8.75,0.5
Clarity of Logical Structure,9.25,-0.5
Clarity of Logical Structure,8.75,0.5
Clarity of Logical Structure,8.75,0.5
Clarity of Logical Structure,8.75,0.5
Clarity of Logical Structure,9.25,-0.5
Clarity of Logical Structure,8.75,0.5
Clarity of Logical Structure,8.75,0.5
Clarity of Logical Structure,9.0,0.0
Clarity of Logical Structure,8.5,0.0
Clarity of Logical Structure,9.0,1.0
Clarity of Logical Structure,8.75,0.5
Clarity of Logical Structure,8.5,0.0
Clarity of Logical Structure,8.5,-1.0
Clarity of Logical Structure,8.75,0.5
Clarity of Logical Structure,9.0,0.0
Clarity of Logical Structure,8.75,0.5
Clarity of Logical Structure,8.75,0.5
Clarity of Logical Structure,8.75,0.5
Clarity of Logical Structure,8.5,-1.0
Clarity of Logical Structure,8.75,0.5
Clarity of Logical Structure,8.5,1.0
Clarity of Logical Structure,8.5,1.0
Clarity of Logical Structure,8.75,-0.5
Clarity of Logical Structure,8.75,0.5
Clarity of Logical Structure,8.25,-0.5
Clarity of Logical Structure,8.5,0.0
Clarity of Logical Structure,9.0,0.0
Clarity of Logical Structure,8.75,-0.5
Clarity of Logical Structure,8.5,0.0
Clarity of Logical Structure,7.0,2.0
Clarity of Logical Structure,8.5,1.0
Clarity of Logical Structure,8.75,0.5
Clarity of Logical Structure,9.25,-0.5
Clarity of Logical Structure,9.0,0.0
Clarity of Logical Structure,8.5,0.0
Clarity of Logical Structure,8.5,0.0
Clarity of Logical Structure,8.75,-0.5
Clarity of Logical Structure,8.75,-0.5
Clarity of Logical Structure,8.5,0.0
Clarity of Logical Structure,8.75,0.5
Clarity of Logical Structure,8.0,0.0
Clarity of Logical Structure,8.5,1.0
Clarity of Logical Structure,8.5,0.0
Clarity of Logical Structure,8.25,-0.5
Clarity of Logical Structure,8.25,0.5
Clarity of Logical Structure,8.75,-0.5
Clarity of Logical Structure,8.75,0.5
Clarity of Logical Structure,8.75,0.5
Clarity of Logical Structure,8.75,0.5
Clarity of Logical Structure,8.5,0.0
Clarity of Logical Structure,9.0,1.0
Clarity of Logical Structure,8.75,0.5
Clarity of Logical Structure,9.25,-0.5
Clarity of Logical Structure,8.75,0.5
Clarity of Logical Structure,8.25,0.5
Clarity of Logical Structure,8.75,0.5
Clarity of Logical Structure,8.75,-0.5
Clarity of Logical Structure,8.75,0.5
Clarity of Logical Structure,8.25,0.5
Clarity of Logical Structure,8.25,1.5
Clarity of Logical Structure,8.75,-0.5
Clarity of Logical Structure,9.0,0.0
Clarity of Logical Structure,8.75,0.5
Clarity of Logical Structure,9.0,0.0
Clarity of Logical Structure,9.0,1.0
Clarity of Logical Structure,8.5,1.0
Reasonableness of Chapter Arrangement,7.25,0.5
Reasonableness of Chapter Arrangement,8.0,0.0
Reasonableness of Chapter Arrangement,7.0,0.0
Reasonableness of Chapter Arrangement,7.6,0.0
Reasonableness of Chapter Arrangement,7.25,0.5
Reasonableness of Chapter Arrangement,8.05,0.29999999999999893
Reasonableness of Chapter Arrangement,7.5,1.0
Reasonableness of Chapter Arrangement,7.75,0.5
Reasonableness of Chapter Arrangement,7.75,0.5
Reasonableness of Chapter Arrangement,7.5,1.0
Reasonableness of Chapter Arrangement,8.5,0.0
Reasonableness of Chapter Arrangement,7.5,1.0
Reasonableness of Chapter Arrangement,7.75,0.5
Reasonableness of Chapter Arrangement,7.75,0.5
Reasonableness of Chapter Arrangement,8.0,-1.0
Reasonableness of Chapter Arrangement,8.0,0.0
Reasonableness of Chapter Arrangement,7.5,1.0
Reasonableness of Chapter Arrangement,8.0,0.0
Reasonableness of Chapter Arrangement,8.5,0.0
Reasonableness of Chapter Arrangement,8.0,0.0
Reasonableness of Chapter Arrangement,7.5,0.0
Reasonableness of Chapter Arrangement,7.75,0.5
Reasonableness of Chapter Arrangement,8.0,-1.0
Reasonableness of Chapter Arrangement,7.75,0.5
Reasonableness of Chapter Arrangement,6.75,1.5
Reasonableness of Chapter Arrangement,7.5,1.0
Reasonableness of Chapter Arrangement,7.5,1.0
Reasonableness of Chapter Arrangement,7.75,0.5
Reasonableness of Chapter Arrangement,8.25,-0.5
Reasonableness of Chapter Arrangement,7.5,0.0
Reasonableness of Chapter Arrangement,7.0,1.0
Reasonableness of Chapter Arrangement,7.5,0.0
Reasonableness of Chapter Arrangement,7.5,-1.0
Reasonableness of Chapter Arrangement,7.5,1.0
Reasonableness of Chapter Arrangement,7.5,1.0
Reasonableness of Chapter Arrangement,7.5,1.0
Reasonableness of Chapter Arrangement,8.5,0.0
Reasonableness of Chapter Arrangement,7.5,0.0
Reasonableness of Chapter Arrangement,8.0,0.0
Reasonableness of Chapter Arrangement,7.5,1.0
Reasonableness of Chapter Arrangement,8.5,0.0
Reasonableness of Chapter Arrangement,8.0,0.0
Reasonableness of Chapter Arrangement,7.75,0.5
Reasonableness of Chapter Arrangement,7.75,0.5
Reasonableness of Chapter Arrangement,7.5,1.0
Reasonableness of Chapter Arrangement,7.75,1.5
Reasonableness of Chapter Arrangement,7.5,1.0
Reasonableness of Chapter Arrangement,6.5,0.0
Reasonableness of Chapter Arrangement,7.5,1.0
Reasonableness of Chapter Arrangement,8.0,0.0
Reasonableness of Chapter Arrangement,7.0,1.0
Reasonableness of Chapter Arrangement,7.0,0.0
Reasonableness of Chapter Arrangement,7.5,1.0
Reasonableness of Chapter Arrangement,8.0,0.0
Reasonableness of Chapter Arrangement,7.5,0.0
Reasonableness of Chapter Arrangement,7.25,-1.5
Reasonableness of Chapter Arrangement,8.25,0.5
Reasonableness of Chapter Arrangement,7.75,0.5
Reasonableness of Chapter Arrangement,7.75,0.5
Reasonableness of Chapter Arrangement,8.25,-0.5
Reasonableness of Chapter Arrangement,7.75,0.5
Reasonableness of Chapter Arrangement,7.75,0.5
Reasonableness of Chapter Arrangement,7.75,0.5
Reasonableness of Chapter Arrangement,8.0,-1.0
Reasonableness of Chapter Arrangement,8.0,0.0
Reasonableness of Chapter Arrangement,7.0,1.0
Reasonableness of Chapter Arrangement,7.0,1.0
Reasonableness of Chapter Arrangement,7.75,0.5
Reasonableness of Chapter Arrangement,7.75,0.5
Reasonableness of Chapter Arrangement,7.5,1.0
Reasonableness of Chapter Arrangement,7.25,0.5
Reasonableness of Chapter Arrangement,7.75,0.5
Reasonableness of Chapter Arrangement,7.5,1.0
Reasonableness of Chapter Arrangement,8.0,0.0
Reasonableness of Chapter Arrangement,8.0,0.0
Reasonableness of Chapter Arrangement,7.75,-0.5
Reasonableness of Chapter Arrangement,8.0,0.0
Reasonableness of Chapter Arrangement,7.25,1.5
Reasonableness of Chapter Arrangement,8.25,0.5
Reasonableness of Chapter Arrangement,7.0,1.0
Reasonableness of Chapter Arrangement,7.0,2.0
Reasonableness of Chapter Arrangement,8.0,-1.0
Reasonableness of Chapter Arrangement,7.5,0.0
Reasonableness of Chapter Arrangement,8.5,0.0
Reasonableness of Chapter Arrangement,8.0,0.0
Reasonableness of Chapter Arrangement,7.5,1.0
Reasonableness of Chapter Arrangement,7.75,0.5
Reasonableness of Chapter Arrangement,7.75,0.5
Reasonableness of Chapter Arrangement,8.0,0.0
Reasonableness of Chapter Arrangement,7.0,0.0
Reasonableness of Chapter Arrangement,7.25,0.5
Reasonableness of Chapter Arrangement,7.25,0.5
Reasonableness of Chapter Arrangement,8.0,0.0
Reasonableness of Chapter Arrangement,8.0,-1.0
Reasonableness of Chapter Arrangement,8.0,0.0
Reasonableness of Chapter Arrangement,7.75,0.5
Reasonableness of Chapter Arrangement,7.75,-0.5
Reasonableness of Chapter Arrangement,8.0,-1.0
Reasonableness of Chapter Arrangement,7.75,0.5
Reasonableness of Chapter Arrangement,8.5,0.0
Reasonableness of Chapter Arrangement,8.0,-1.0
Reasonableness of Chapter Arrangement,7.0,1.0
Reasonableness of Chapter Arrangement,7.5,1.0
Reasonableness of Chapter Arrangement,7.5,0.0
Reasonableness of Chapter Arrangement,7.75,-0.5
Reasonableness of Chapter Arrangement,7.75,-0.5
Reasonableness of Chapter Arrangement,7.65,0.2999999999999998
Reasonableness of Chapter Arrangement,8.25,0.5
Reasonableness of Chapter Arrangement,8.0,0.0
Reasonableness of Chapter Arrangement,8.25,-0.5
Reasonableness of Chapter Arrangement,8.0,0.1999999999999993
Reasonableness of Chapter Arrangement,7.75,0.5
Reasonableness of Chapter Arrangement,8.0,0.0
Reasonableness of Chapter Arrangement,7.5,0.0
Reasonableness of Chapter Arrangement,8.25,-0.5
Reasonableness of Chapter Arrangement,8.25,-0.5
Reasonableness of Chapter Arrangement,7.75,0.5
Reasonableness of Chapter Arrangement,7.75,0.5
Reasonableness of Chapter Arrangement,8.0,0.0
Reasonableness of Chapter Arrangement,7.8999999999999995,0.5999999999999996
Reasonableness of Chapter Arrangement,8.25,0.5
Reasonableness of Chapter Arrangement,7.5,-1.0
Reasonableness of Chapter Arrangement,8.0,0.0
Reasonableness of Chapter Arrangement,7.25,0.5
Reasonableness of Chapter Arrangement,8.15,-0.7000000000000002
Reasonableness of Chapter Arrangement,7.5,1.0
Reasonableness of Chapter Arrangement,8.0,0.0
Reasonableness of Chapter Arrangement,6.75,1.5
Reasonableness of Chapter Arrangement,7.75,0.5
Reasonableness of Chapter Arrangement,7.25,0.5
Reasonableness of Chapter Arrangement,8.0,-1.0
Reasonableness of Chapter Arrangement,7.75,0.5
Reasonableness of Chapter Arrangement,8.25,-0.5
Reasonableness of Chapter Arrangement,6.75,1.5
Reasonableness of Chapter Arrangement,7.5,1.0
Reasonableness of Chapter Arrangement,7.75,0.5
Reasonableness of Chapter Arrangement,7.75,0.5
Reasonableness of Chapter Arrangement,7.75,0.5
Reasonableness of Chapter Arrangement,7.75,0.5
Reasonableness of Chapter Arrangement,8.0,0.0
Reasonableness of Chapter Arrangement,7.75,-1.5
Reasonableness of Chapter Arrangement,7.5,0.0
Reasonableness of Chapter Arrangement,7.75,0.5
Reasonableness of Chapter Arrangement,8.0,0.0
Reasonableness of Chapter Arrangement,8.0,-1.0
Reasonableness of Chapter Arrangement,8.0,-1.0
Reasonableness of Chapter Arrangement,9.0,-1.0
Reasonableness of Chapter Arrangement,7.5,1.0
Reasonableness of Chapter Arrangement,7.75,0.5
Reasonableness of Chapter Arrangement,7.75,0.5
Reasonableness of Chapter Arrangement,8.0,-1.0
Reasonableness of Chapter Arrangement,7.75,0.5
Reasonableness of Chapter Arrangement,7.5,0.0
Reasonableness of Chapter Arrangement,7.5,1.0
Reasonableness of Chapter Arrangement,8.0,-1.0
Reasonableness of Chapter Arrangement,8.0,-1.0
Reasonableness of Chapter Arrangement,7.5,0.0
Reasonableness of Chapter Arrangement,8.25,-0.5
Reasonableness of Chapter Arrangement,8.0,-1.0
Reasonableness of Chapter Arrangement,7.5,-2.0
Reasonableness of Chapter Arrangement,8.0,0.0
Reasonableness of Chapter Arrangement,8.0,-1.0
Reasonableness of Chapter Arrangement,7.25,0.5
Reasonableness of Chapter Arrangement,7.75,0.5
Reasonableness of Chapter Arrangement,7.75,-0.5
Reasonableness of Chapter Arrangement,7.75,0.5
Reasonableness of Chapter Arrangement,7.5,1.0
Reasonableness of Chapter Arrangement,7.5,-1.0
Reasonableness of Chapter Arrangement,7.75,0.5
Reasonableness of Chapter Arrangement,8.0,0.0
Reasonableness of Chapter Arrangement,7.25,0.5
Reasonableness of Chapter Arrangement,8.0,0.0
Reasonableness of Chapter Arrangement,7.75,0.5
Reasonableness of Chapter Arrangement,7.0,1.0
Reasonableness of Chapter Arrangement,7.75,0.5
Reasonableness of Chapter Arrangement,7.75,0.5
Reasonableness of Chapter Arrangement,8.25,-0.5
Reasonableness of Chapter Arrangement,8.25,-0.5
Reasonableness of Chapter Arrangement,8.0,0.0
Reasonableness of Chapter Arrangement,7.75,-0.5
Reasonableness of Chapter Arrangement,7.75,0.5
Reasonableness of Chapter Arrangement,7.75,0.5
Reasonableness of Chapter Arrangement,8.25,-0.5
Reasonableness of Chapter Arrangement,7.5,0.0
Reasonableness of Chapter Arrangement,7.5,-1.0
Reasonableness of Chapter Arrangement,7.5,1.0
Reasonableness of Chapter Arrangement,7.0,2.0
Reasonableness of Chapter Arrangement,7.25,-0.5
Reasonableness of Chapter Arrangement,8.0,0.0
Reasonableness of Chapter Arrangement,8.0,0.0
Reasonableness of Chapter Arrangement,7.5,1.0
Reasonableness of Chapter Arrangement,7.5,1.0
Reasonableness of Chapter Arrangement,7.5,1.0
Reasonableness of Chapter Arrangement,7.75,-0.5
Reasonableness of Chapter Arrangement,8.0,1.0
Reasonableness of Chapter Arrangement,7.75,0.5
Reasonableness of Chapter Arrangement,8.0,0.0
Reasonableness of Chapter Arrangement,8.0,0.0
Reasonableness of Chapter Arrangement,7.55,-0.09999999999999964
Reasonableness of Chapter Arrangement,7.5,0.0
Reasonableness of Chapter Arrangement,7.5,1.0
Reasonableness of Chapter Arrangement,8.25,0.5
Reasonableness of Chapter Arrangement,8.25,-0.5
Reasonableness of Chapter Arrangement,8.0,0.0
Reasonableness of Chapter Arrangement,7.5,1.0
Reasonableness of Chapter Arrangement,7.75,0.5
Reasonableness of Chapter Arrangement,7.75,-0.5
Reasonableness of Chapter Arrangement,8.25,-0.5
Reasonableness of Chapter Arrangement,7.5,1.0
Reasonableness of Chapter Arrangement,8.25,0.5
Reasonableness of Chapter Arrangement,7.5,1.0
Reasonableness of Chapter Arrangement,6.75,1.5
Reasonableness of Chapter Arrangement,7.5,1.0
Reasonableness of Chapter Arrangement,7.75,0.5
Reasonableness of Chapter Arrangement,7.75,0.5
Reasonableness of Chapter Arrangement,7.9,0.20000000000000018
Reasonableness of Chapter Arrangement,8.0,-1.0
Reasonableness of Chapter Arrangement,8.0,0.0
Reasonableness of Chapter Arrangement,8.0,-1.0
Reasonableness of Chapter Arrangement,7.75,0.5
Reasonableness of Chapter Arrangement,7.75,0.5
Reasonableness of Chapter Arrangement,7.75,0.5
Reasonableness of Chapter Arrangement,7.0,1.0
Reasonableness of Chapter Arrangement,8.5,0.0
Reasonableness of Chapter Arrangement,7.75,0.5
Reasonableness of Chapter Arrangement,7.75,0.5
Reasonableness of Chapter Arrangement,8.0,-1.0
Reasonableness of Chapter Arrangement,7.75,0.5
Reasonableness of Chapter Arrangement,7.75,0.5
Reasonableness of Chapter Arrangement,8.5,0.0
Reasonableness of Chapter Arrangement,7.25,-1.5
Reasonableness of Chapter Arrangement,8.0,0.0
Reasonableness of Chapter Arrangement,8.0,0.0
Reasonableness of Chapter Arrangement,7.25,1.5
Reasonableness of Chapter Arrangement,7.25,0.5
Reasonableness of Chapter Arrangement,7.5,0.0
Reasonableness of Chapter Arrangement,7.25,0.5
Reasonableness of Chapter Arrangement,7.75,0.5
Reasonableness of Chapter Arrangement,7.75,0.5
Reasonableness of Chapter Arrangement,8.0,0.0
Reasonableness of Chapter Arrangement,7.5,1.0
Reasonableness of Chapter Arrangement,7.75,-0.5
Reasonableness of Chapter Arrangement,8.25,-0.5
Reasonableness of Chapter Arrangement,7.75,0.5
Reasonableness of Chapter Arrangement,7.75,0.5
Reasonableness of Chapter Arrangement,8.75,-0.5
Reasonableness of Chapter Arrangement,7.5,1.0
Reasonableness of Chapter Arrangement,8.25,-0.5
Reasonableness of Chapter Arrangement,7.5,1.0
Reasonableness of Chapter Arrangement,8.0,0.0
Reasonableness of Chapter Arrangement,8.0,0.0
Reasonableness of Chapter Arrangement,8.0,0.0
Reasonableness of Chapter Arrangement,8.0,0.0
Reasonableness of Chapter Arrangement,8.0,0.0
Reasonableness of Chapter Arrangement,8.0,-1.0
Reasonableness of Chapter Arrangement,8.0,0.0
Reasonableness of Chapter Arrangement,7.75,-0.5
Reasonableness of Chapter Arrangement,8.0,0.0
Reasonableness of Chapter Arrangement,7.75,0.5
Reasonableness of Chapter Arrangement,7.25,1.5
Reasonableness of Chapter Arrangement,8.5,0.0
Reasonableness of Chapter Arrangement,7.75,0.5
Reasonableness of Chapter Arrangement,7.75,0.5
Reasonableness of Chapter Arrangement,8.25,-0.5
Reasonableness of Chapter Arrangement,7.75,-0.5
Reasonableness of Chapter Arrangement,8.0,0.0
Reasonableness of Chapter Arrangement,8.0,-1.0
Reasonableness of Chapter Arrangement,7.75,-0.5
Reasonableness of Chapter Arrangement,7.75,0.5
Reasonableness of Chapter Arrangement,7.5,1.0
Reasonableness of Chapter Arrangement,7.25,-1.5
Reasonableness of Chapter Arrangement,7.5,0.0
Reasonableness of Chapter Arrangement,7.5,1.0
Reasonableness of Chapter Arrangement,8.5,0.0
Reasonableness of Chapter Arrangement,8.0,0.0
Reasonableness of Chapter Arrangement,7.5,0.0
Reasonableness of Chapter Arrangement,7.75,-0.5
Reasonableness of Chapter Arrangement,7.75,-0.5
Reasonableness of Chapter Arrangement,7.75,-0.5
Reasonableness of Chapter Arrangement,8.25,-0.5
Reasonableness of Chapter Arrangement,8.5,-1.0
Reasonableness of Chapter Arrangement,7.5,1.0
Reasonableness of Chapter Arrangement,8.0,-1.0
Reasonableness of Chapter Arrangement,8.0,-1.0
Reasonableness of Chapter Arrangement,7.75,0.5
Reasonableness of Chapter Arrangement,7.75,0.5
Reasonableness of Chapter Arrangement,6.5,1.0
Reasonableness of Chapter Arrangement,8.0,0.0
Reasonableness of Chapter Arrangement,8.25,-0.5
Reasonableness of Chapter Arrangement,8.0,-1.0
Reasonableness of Chapter Arrangement,7.0,1.0
Reasonableness of Chapter Arrangement,7.75,0.5
Reasonableness of Chapter Arrangement,7.75,0.5
Reasonableness of Chapter Arrangement,8.0,0.0
Reasonableness of Chapter Arrangement,8.0,-1.0
Reasonableness of Chapter Arrangement,6.5,1.0
Reasonableness of Chapter Arrangement,8.0,1.0
Reasonableness of Chapter Arrangement,7.75,0.5
Reasonableness of Chapter Arrangement,7.75,0.5
Reasonableness of Chapter Arrangement,7.75,0.5
Reasonableness of Chapter Arrangement,8.25,0.5
Reasonableness of Chapter Arrangement,8.0,-1.0
Reasonableness of Chapter Arrangement,7.5,1.0
Reasonableness of Chapter Arrangement,7.75,-0.5
Reasonableness of Chapter Arrangement,8.0,0.0
Reasonableness of Chapter Arrangement,7.25,0.5
Reasonableness of Chapter Arrangement,8.25,-0.5
Reasonableness of Chapter Arrangement,8.0,1.0
Reasonableness of Chapter Arrangement,7.75,0.5
Reasonableness of Chapter Arrangement,8.5,0.0
Reasonableness of Chapter Arrangement,8.5,0.0
Reasonableness of Chapter Arrangement,7.75,-0.5
Reasonableness of Chapter Arrangement,7.75,-0.5
Reasonableness of Chapter Arrangement,8.0,-1.0
Reasonableness of Chapter Arrangement,7.25,1.5
Reasonableness of Chapter Arrangement,7.75,0.5
Reasonableness of Chapter Arrangement,8.0,0.0
Reasonableness of Chapter Arrangement,7.5,1.0
Reasonableness of Chapter Arrangement,7.75,0.5
Reasonableness of Chapter Arrangement,8.0,0.0
Reasonableness of Chapter Arrangement,8.0,0.0
Reasonableness of Chapter Arrangement,7.25,0.5
Reasonableness of Chapter Arrangement,7.9,0.20000000000000018
Reasonableness of Chapter Arrangement,8.25,-0.5
Reasonableness of Chapter Arrangement,7.75,0.5
Reasonableness of Chapter Arrangement,7.75,0.5
Reasonableness of Chapter Arrangement,7.0,0.0
Reasonableness of Chapter Arrangement,7.5,0.0
Reasonableness of Chapter Arrangement,8.0,0.0
Reasonableness of Chapter Arrangement,8.5,0.0
Reasonableness of Chapter Arrangement,8.25,-0.5
Reasonableness of Chapter Arrangement,7.5,1.0
Reasonableness of Chapter Arrangement,7.75,0.5
Reasonableness of Chapter Arrangement,8.25,-0.5
Reasonableness of Chapter Arrangement,8.0,0.0
Reasonableness of Chapter Arrangement,7.25,0.5
Reasonableness of Chapter Arrangement,8.0,0.0
Reasonableness of Chapter Arrangement,7.25,1.5
Reasonableness of Chapter Arrangement,7.75,-0.5
Reasonableness of Chapter Arrangement,7.75,0.5
Reasonableness of Chapter Arrangement,7.75,0.5
Reasonableness of Chapter Arrangement,7.75,0.5
Reasonableness of Chapter Arrangement,8.25,-0.5
Reasonableness of Chapter Arrangement,7.5,0.0
Reasonableness of Chapter Arrangement,8.0,1.0
Reasonableness of Chapter Arrangement,8.0,0.0
Reasonableness of Chapter Arrangement,8.0,0.0
Reasonableness of Chapter Arrangement,7.75,0.5
Reasonableness of Chapter Arrangement,7.5,0.0
Reasonableness of Chapter Arrangement,7.75,0.5
Reasonableness of Chapter Arrangement,7.75,0.5
Reasonableness of Chapter Arrangement,8.0,0.0
Reasonableness of Chapter Arrangement,8.0,0.0
Reasonableness of Chapter Arrangement,8.5,-1.0
Reasonableness of Chapter Arrangement,7.5,-1.0
Reasonableness of Chapter Arrangement,7.75,0.5
Reasonableness of Chapter Arrangement,7.25,1.5
Reasonableness of Chapter Arrangement,7.5,0.0
Reasonableness of Chapter Arrangement,7.75,-0.5
Reasonableness of Chapter Arrangement,8.25,0.5
Reasonableness of Chapter Arrangement,7.5,0.0
Reasonableness of Chapter Arrangement,7.5,1.0
Reasonableness of Chapter Arrangement,8.0,0.0
Reasonableness of Chapter Arrangement,6.75,1.5
Reasonableness of Chapter Arrangement,8.0,0.0
Reasonableness of Chapter Arrangement,8.0,0.0
Reasonableness of Chapter Arrangement,7.75,0.5
Reasonableness of Chapter Arrangement,8.5,0.0
Reasonableness of Chapter Arrangement,7.5,1.0
Reasonableness of Chapter Arrangement,7.25,0.5
Reasonableness of Chapter Arrangement,7.75,-0.5
Reasonableness of Chapter Arrangement,8.0,0.0
Reasonableness of Chapter Arrangement,7.5,1.0
Reasonableness of Chapter Arrangement,7.0,1.0
Reasonableness of Chapter Arrangement,7.75,0.5
Reasonableness of Chapter Arrangement,7.75,0.5
Reasonableness of Chapter Arrangement,7.0,2.0
Reasonableness of Chapter Arrangement,8.25,-0.5
Reasonableness of Chapter Arrangement,8.0,-1.0
Reasonableness of Chapter Arrangement,7.25,0.5
Reasonableness of Chapter Arrangement,7.75,0.5
Reasonableness of Chapter Arrangement,7.5,1.0
Reasonableness of Chapter Arrangement,7.75,-0.5
Reasonableness of Chapter Arrangement,7.5,2.0
Reasonableness of Chapter Arrangement,8.0,0.0
Reasonableness of Chapter Arrangement,8.0,-1.0
Reasonableness of Chapter Arrangement,7.75,0.5
Reasonableness of Chapter Arrangement,8.0,-1.0
Reasonableness of Chapter Arrangement,8.25,0.5
Reasonableness of Chapter Arrangement,8.25,-0.5
Reasonableness of Chapter Arrangement,7.75,0.5
Reasonableness of Chapter Arrangement,8.5,0.0
Reasonableness of Chapter Arrangement,8.0,0.0
Reasonableness of Chapter Arrangement,7.75,0.5
Reasonableness of Chapter Arrangement,7.5,1.0
Reasonableness of Chapter Arrangement,7.25,1.5
Reasonableness of Chapter Arrangement,7.75,0.5
Reasonableness of Chapter Arrangement,8.0,0.0
Reasonableness of Chapter Arrangement,8.0,-1.0
Reasonableness of Chapter Arrangement,7.75,0.5
Reasonableness of Chapter Arrangement,9.0,-1.0
Reasonableness of Chapter Arrangement,7.25,1.5
Reasonableness of Chapter Arrangement,7.75,-0.5
Reasonableness of Chapter Arrangement,7.25,1.5
Reasonableness of Chapter Arrangement,8.25,-0.5
Reasonableness of Chapter Arrangement,8.25,-0.5
Reasonableness of Chapter Arrangement,8.0,0.0
Reasonableness of Chapter Arrangement,8.0,0.0
Reasonableness of Chapter Arrangement,7.75,0.5
Reasonableness of Chapter Arrangement,7.25,0.5
Reasonableness of Chapter Arrangement,7.5,-1.0
Reasonableness of Chapter Arrangement,7.75,0.5
Reasonableness of Chapter Arrangement,7.5,1.0
Reasonableness of Chapter Arrangement,7.75,0.5
Reasonableness of Chapter Arrangement,8.25,0.5
Reasonableness of Chapter Arrangement,7.0,1.0
Reasonableness of Chapter Arrangement,8.25,-0.5
Reasonableness of Chapter Arrangement,8.0,0.0
Reasonableness of Chapter Arrangement,8.0,0.0
Reasonableness of Chapter Arrangement,8.25,-0.5
Reasonableness of Chapter Arrangement,7.75,0.5
Reasonableness of Chapter Arrangement,7.25,0.5
Reasonableness of Chapter Arrangement,8.25,0.5
Reasonableness of Chapter Arrangement,7.75,0.5
Reasonableness of Chapter Arrangement,8.0,0.0
Reasonableness of Chapter Arrangement,7.75,-0.5
Reasonableness of Chapter Arrangement,7.5,0.0
Reasonableness of Chapter Arrangement,7.75,0.5
Reasonableness of Chapter Arrangement,8.0,-1.0
Reasonableness of Chapter Arrangement,8.25,0.5
Reasonableness of Chapter Arrangement,7.75,0.5
Reasonableness of Chapter Arrangement,7.25,0.5
Reasonableness of Chapter Arrangement,8.0,0.0
Reasonableness of Chapter Arrangement,7.75,-0.5
Reasonableness of Chapter Arrangement,7.5,1.0
Reasonableness of Chapter Arrangement,7.5,-1.0
Reasonableness of Chapter Arrangement,7.25,0.5
Reasonableness of Chapter Arrangement,7.5,1.0
Reasonableness of Chapter Arrangement,8.25,0.5
Reasonableness of Chapter Arrangement,8.5,0.0
Reasonableness of Chapter Arrangement,8.0,0.0
Reasonableness of Chapter Arrangement,7.9,0.20000000000000018
Reasonableness of Chapter Arrangement,7.5,1.0
Reasonableness of Chapter Arrangement,8.0,0.0
Reasonableness of Chapter Arrangement,7.9,-0.20000000000000018
Reasonableness of Chapter Arrangement,7.0,1.0
Reasonableness of Chapter Arrangement,7.75,-0.5
Reasonableness of Chapter Arrangement,7.75,0.5
Reasonableness of Chapter Arrangement,8.0,0.0
Reasonableness of Chapter Arrangement,7.25,1.5
Reasonableness of Chapter Arrangement,7.5,1.0
Reasonableness of Chapter Arrangement,8.0,0.0
Reasonableness of Chapter Arrangement,8.25,-0.5
Reasonableness of Chapter Arrangement,7.75,0.5
Reasonableness of Chapter Arrangement,8.25,-0.5
Reasonableness of Chapter Arrangement,8.25,-0.5
Reasonableness of Chapter Arrangement,7.75,-0.5
Reasonableness of Chapter Arrangement,8.25,-0.5
Reasonableness of Chapter Arrangement,7.75,0.5
Reasonableness of Chapter Arrangement,7.5,1.0
Reasonableness of Chapter Arrangement,8.25,-0.5
Reasonableness of Chapter Arrangement,7.5,0.0
Reasonableness of Chapter Arrangement,7.75,-0.5
Reasonableness of Chapter Arrangement,8.0,0.0
Reasonableness of Chapter Arrangement,8.0,0.0
Reasonableness of Chapter Arrangement,7.5,1.0
Reasonableness of Chapter Arrangement,8.0,0.0
Reasonableness of Chapter Arrangement,7.0,0.0
Reasonableness of Chapter Arrangement,8.0,0.0
Reasonableness of Chapter Arrangement,6.75,1.5
Reasonableness of Chapter Arrangement,8.0,0.0
Reasonableness of Chapter Arrangement,8.0,0.0
Reasonableness of Chapter Arrangement,8.25,0.5
Reasonableness of Chapter Arrangement,7.5,1.0
Reasonableness of Chapter Arrangement,7.0,1.0
Reasonableness of Chapter Arrangement,8.0,-1.0
Reasonableness of Chapter Arrangement,7.5,0.0
Reasonableness of Chapter Arrangement,6.5,-1.0
Reasonableness of Chapter Arrangement,7.75,0.5
Reasonableness of Chapter Arrangement,7.75,-0.5
Reasonableness of Chapter Arrangement,8.0,0.0
Reasonableness of Chapter Arrangement,8.0,0.0
Reasonableness of Chapter Arrangement,7.5,1.0
Reasonableness of Chapter Arrangement,7.5,0.0
Reasonableness of Chapter Arrangement,8.75,-0.5
Reasonableness of Chapter Arrangement,7.75,0.5
Reasonableness of Chapter Arrangement,7.75,-0.5
Reasonableness of Chapter Arrangement,7.5,0.0
Reasonableness of Chapter Arrangement,8.0,-1.0
Reasonableness of Chapter Arrangement,7.75,0.5
Reasonableness of Chapter Arrangement,7.75,0.5
Reasonableness of Chapter Arrangement,8.0,0.0
Reasonableness of Chapter Arrangement,8.0,0.0
Reasonableness of Chapter Arrangement,8.0,0.0
Reasonableness of Chapter Arrangement,7.75,0.5
Reasonableness of Chapter Arrangement,8.0,0.0
Reasonableness of Chapter Arrangement,8.0,-1.0
Reasonableness of Chapter Arrangement,7.75,0.5
Reasonableness of Chapter Arrangement,8.5,0.0
Reasonableness of Chapter Arrangement,7.75,0.5
Reasonableness of Chapter Arrangement,7.75,0.5
Reasonableness of Chapter Arrangement,7.5,0.0
Reasonableness of Chapter Arrangement,8.5,-1.0
Reasonableness of Chapter Arrangement,7.5,0.0
Reasonableness of Chapter Arrangement,7.75,0.5
Reasonableness of Chapter Arrangement,7.5,1.0
Reasonableness of Chapter Arrangement,8.0,-1.0
Reasonableness of Chapter Arrangement,7.5,1.0
Reasonableness of Chapter Arrangement,8.0,-1.0
Reasonableness of Chapter Arrangement,7.5,0.0
Reasonableness of Chapter Arrangement,8.0,0.0
Reasonableness of Chapter Arrangement,8.0,-1.0
Reasonableness of Chapter Arrangement,8.0,0.0
Reasonableness of Chapter Arrangement,6.0,2.0
Reasonableness of Chapter Arrangement,7.75,0.5
Reasonableness of Chapter Arrangement,7.25,0.5
Reasonableness of Chapter Arrangement,8.25,-0.5
Reasonableness of Chapter Arrangement,8.0,0.0
Reasonableness of Chapter Arrangement,8.0,0.0
Reasonableness of Chapter Arrangement,8.5,0.0
Reasonableness of Chapter Arrangement,8.0,-1.0
Reasonableness of Chapter Arrangement,7.75,-0.5
Reasonableness of Chapter Arrangement,8.0,0.0
Reasonableness of Chapter Arrangement,7.5,0.0
Reasonableness of Chapter Arrangement,7.0,0.0
Reasonableness of Chapter Arrangement,7.5,1.0
Reasonableness of Chapter Arrangement,8.0,0.0
Reasonableness of Chapter Arrangement,7.5,-1.0
Reasonableness of Chapter Arrangement,7.75,0.5
Reasonableness of Chapter Arrangement,7.75,-0.5
Reasonableness of Chapter Arrangement,7.75,0.5
Reasonableness of Chapter Arrangement,7.5,1.0
Reasonableness of Chapter Arrangement,7.75,-0.5
Reasonableness of Chapter Arrangement,7.5,0.0
Reasonableness of Chapter Arrangement,7.5,1.0
Reasonableness of Chapter Arrangement,7.25,0.5
Reasonableness of Chapter Arrangement,8.0,-1.0
Reasonableness of Chapter Arrangement,8.25,0.5
Reasonableness of Chapter Arrangement,7.5,1.0
Reasonableness of Chapter Arrangement,7.75,0.5
Reasonableness of Chapter Arrangement,7.75,-0.5
Reasonableness of Chapter Arrangement,7.75,0.5
Reasonableness of Chapter Arrangement,7.65,0.2999999999999998
Reasonableness of Chapter Arrangement,7.25,1.5
Reasonableness of Chapter Arrangement,8.0,-1.0
Reasonableness of Chapter Arrangement,8.25,-0.5
Reasonableness of Chapter Arrangement,7.75,0.5
Reasonableness of Chapter Arrangement,8.0,0.0
Reasonableness of Chapter Arrangement,7.75,0.5
Reasonableness of Chapter Arrangement,7.5,1.0
Quality of Introduction and Conclusion,6.25,0.5
Quality of Introduction and Conclusion,7.0,0.0
Quality of Introduction and Conclusion,6.0,0.0
Quality of Introduction and Conclusion,6.8,0.0
Quality of Introduction and Conclusion,6.25,0.5
Quality of Introduction and Conclusion,6.800000000000001,0.20000000000000018
Quality of Introduction and Conclusion,6.5,1.0
Quality of Introduction and Conclusion,7.25,0.5
Quality of Introduction and Conclusion,6.25,0.5
Quality of Introduction and Conclusion,6.25,0.5
Quality of Introduction and Conclusion,7.0,0.0
Quality of Introduction and Conclusion,6.5,1.0
Quality of Introduction and Conclusion,7.25,-0.5
Quality of Introduction and Conclusion,6.25,0.5
Quality of Introduction and Conclusion,8.0,-1.0
Quality of Introduction and Conclusion,6.75,-0.5
Quality of Introduction and Conclusion,6.0,1.0
Quality of Introduction and Conclusion,6.75,-0.5
Quality of Introduction and Conclusion,6.75,-0.5
Quality of Introduction and Conclusion,6.75,-0.5
Quality of Introduction and Conclusion,6.75,-0.5
Quality of Introduction and Conclusion,6.25,0.5
Quality of Introduction and Conclusion,8.0,-1.0
Quality of Introduction and Conclusion,6.75,0.5
Quality of Introduction and Conclusion,6.0,2.0
Quality of Introduction and Conclusion,6.5,1.0
Quality of Introduction and Conclusion,6.25,0.5
Quality of Introduction and Conclusion,6.75,0.5
Quality of Introduction and Conclusion,8.0,-1.0
Quality of Introduction and Conclusion,6.0,1.0
Quality of Introduction and Conclusion,7.0,1.0
Quality of Introduction and Conclusion,6.5,0.0
Quality of Introduction and Conclusion,7.25,-0.5
Quality of Introduction and Conclusion,6.75,0.5
Quality of Introduction and Conclusion,6.5,1.0
Quality of Introduction and Conclusion,6.0,1.0
Quality of Introduction and Conclusion,6.75,-0.5
Quality of Introduction and Conclusion,6.75,-0.5
Quality of Introduction and Conclusion,7.25,-0.5
Quality of Introduction and Conclusion,6.25,0.5
Quality of Introduction and Conclusion,7.75,-0.5
Quality of Introduction and Conclusion,6.75,-0.5
Quality of Introduction and Conclusion,7.75,0.5
Quality of Introduction and Conclusion,6.25,0.5
Quality of Introduction and Conclusion,6.75,0.5
Quality of Introduction and Conclusion,6.5,1.0
Quality of Introduction and Conclusion,6.5,1.0
Quality of Introduction and Conclusion,6.0,0.0
Quality of Introduction and Conclusion,6.5,1.0
Quality of Introduction and Conclusion,7.0,0.0
Quality of Introduction and Conclusion,6.0,1.0
Quality of Introduction and Conclusion,6.0,0.0
Quality of Introduction and Conclusion,6.5,1.0
Quality of Introduction and Conclusion,6.75,-0.5
Quality of Introduction and Conclusion,6.5,0.0
Quality of Introduction and Conclusion,7.5,-1.0
Quality of Introduction and Conclusion,7.25,0.5
Quality of Introduction and Conclusion,7.25,0.5
Quality of Introduction and Conclusion,6.75,-0.5
Quality of Introduction and Conclusion,7.25,-0.5
Quality of Introduction and Conclusion,6.75,0.5
Quality of Introduction and Conclusion,6.75,0.5
Quality of Introduction and Conclusion,6.75,0.5
Quality of Introduction and Conclusion,7.0,-1.0
Quality of Introduction and Conclusion,7.25,-0.5
Quality of Introduction and Conclusion,6.0,1.0
Quality of Introduction and Conclusion,6.25,1.5
Quality of Introduction and Conclusion,6.75,-0.5
Quality of Introduction and Conclusion,6.75,0.5
Quality of Introduction and Conclusion,6.5,1.0
Quality of Introduction and Conclusion,6.75,0.5
Quality of Introduction and Conclusion,7.0,-1.0
Quality of Introduction and Conclusion,6.75,0.5
Quality of Introduction and Conclusion,6.75,-0.5
Quality of Introduction and Conclusion,7.0,0.0
Quality of Introduction and Conclusion,7.25,-0.5
Quality of Introduction and Conclusion,7.5,0.0
Quality of Introduction and Conclusion,5.75,1.5
Quality of Introduction and Conclusion,7.25,0.5
Quality of Introduction and Conclusion,6.25,0.5
Quality of Introduction and Conclusion,5.75,1.5
Quality of Introduction and Conclusion,7.5,-1.0
Quality of Introduction and Conclusion,6.75,-0.5
Quality of Introduction and Conclusion,7.5,0.0
Quality of Introduction and Conclusion,7.25,-0.5
Quality of Introduction and Conclusion,7.0,0.0
Quality of Introduction and Conclusion,6.75,-0.5
Quality of Introduction and Conclusion,6.75,0.5
Quality of Introduction and Conclusion,7.0,0.0
Quality of Introduction and Conclusion,6.5,0.0
Quality of Introduction and Conclusion,6.25,0.5
Quality of Introduction and Conclusion,7.0,1.0
Quality of Introduction and Conclusion,7.0,0.0
Quality of Introduction and Conclusion,7.5,-1.0
Quality of Introduction and Conclusion,6.75,-0.5
Quality of Introduction and Conclusion,7.25,0.5
Quality of Introduction and Conclusion,7.25,-0.5
Quality of Introduction and Conclusion,7.0,-1.0
Quality of Introduction and Conclusion,6.7,0.40000000000000036
Quality of Introduction and Conclusion,7.0,0.0
Quality of Introduction and Conclusion,7.5,-1.0
Quality of Introduction and Conclusion,6.75,0.5
Quality of Introduction and Conclusion,6.5,1.0
Quality of Introduction and Conclusion,6.75,-0.5
Quality of Introduction and Conclusion,6.75,-0.5
Quality of Introduction and Conclusion,7.25,-0.5
Quality of Introduction and Conclusion,7.0,0.0
Quality of Introduction and Conclusion,6.25,0.5
Quality of Introduction and Conclusion,6.75,-0.5
Quality of Introduction and Conclusion,7.5,-1.0
Quality of Introduction and Conclusion,6.75,0.09999999999999964
Quality of Introduction and Conclusion,6.25,0.5
Quality of Introduction and Conclusion,7.0,0.0
Quality of Introduction and Conclusion,7.0,0.0
Quality of Introduction and Conclusion,6.75,-0.5
Quality of Introduction and Conclusion,7.75,-0.5
Quality of Introduction and Conclusion,7.25,-0.5
Quality of Introduction and Conclusion,6.25,0.5
Quality of Introduction and Conclusion,6.75,-0.5
Quality of Introduction and Conclusion,6.9,0.20000000000000018
Quality of Introduction and Conclusion,7.25,0.5
Quality of Introduction and Conclusion,7.0,-1.0
Quality of Introduction and Conclusion,7.0,0.0
Quality of Introduction and Conclusion,6.25,0.5
Quality of Introduction and Conclusion,6.85,-0.7000000000000002
Quality of Introduction and Conclusion,6.75,0.5
Quality of Introduction and Conclusion,7.0,0.0
Quality of Introduction and Conclusion,6.0,1.0
Quality of Introduction and Conclusion,6.75,0.5
Quality of Introduction and Conclusion,6.25,0.5
Quality of Introduction and Conclusion,7.5,-1.0
Quality of Introduction and Conclusion,6.75,0.5
Quality of Introduction and Conclusion,7.0,-1.0
Quality of Introduction and Conclusion,6.5,3.0
Quality of Introduction and Conclusion,6.0,1.0
Quality of Introduction and Conclusion,6.25,0.5
Quality of Introduction and Conclusion,6.75,0.5
Quality of Introduction and Conclusion,6.25,0.5
Quality of Introduction and Conclusion,6.25,0.5
Quality of Introduction and Conclusion,6.75,-0.5
Quality of Introduction and Conclusion,7.0,-1.0
Quality of Introduction and Conclusion,6.75,-0.5
Quality of Introduction and Conclusion,6.5,0.0
Quality of Introduction and Conclusion,6.75,0.5
Quality of Introduction and Conclusion,7.5,-1.0
Quality of Introduction and Conclusion,7.0,0.0
Quality of Introduction and Conclusion,8.0,-1.0
Quality of Introduction and Conclusion,7.25,0.5
Quality of Introduction and Conclusion,7.0,-0.40000000000000036
Quality of Introduction and Conclusion,6.75,0.5
Quality of Introduction and Conclusion,7.0,-1.0
Quality of Introduction and Conclusion,7.25,-0.5
Quality of Introduction and Conclusion,6.75,0.5
Quality of Introduction and Conclusion,6.5,1.0
Quality of Introduction and Conclusion,7.75,-0.5
Quality of Introduction and Conclusion,7.5,-1.0
Quality of Introduction and Conclusion,6.75,-0.5
Quality of Introduction and Conclusion,7.25,-0.5
Quality of Introduction and Conclusion,7.5,-1.0
Quality of Introduction and Conclusion,7.5,-1.0
Quality of Introduction and Conclusion,6.75,0.5
Quality of Introduction and Conclusion,7.25,-0.5
Quality of Introduction and Conclusion,7.0,1.0
Quality of Introduction and Conclusion,7.0,0.0
Quality of Introduction and Conclusion,7.25,-0.5
Quality of Introduction and Conclusion,6.75,0.5
Quality of Introduction and Conclusion,7.0,1.0
Quality of Introduction and Conclusion,6.5,-1.0
Quality of Introduction and Conclusion,6.75,0.5
Quality of Introduction and Conclusion,7.0,0.0
Quality of Introduction and Conclusion,5.75,1.5
Quality of Introduction and Conclusion,7.25,-0.5
Quality of Introduction and Conclusion,7.25,0.5
Quality of Introduction and Conclusion,7.0,0.0
Quality of Introduction and Conclusion,6.25,0.5
Quality of Introduction and Conclusion,6.25,0.5
Quality of Introduction and Conclusion,7.0,-1.0
Quality of Introduction and Conclusion,6.75,-0.5
Quality of Introduction and Conclusion,7.0,0.0
Quality of Introduction and Conclusion,7.5,-1.0
Quality of Introduction and Conclusion,7.25,0.5
Quality of Introduction and Conclusion,6.75,-0.5
Quality of Introduction and Conclusion,7.75,-0.5
Quality of Introduction and Conclusion,6.75,-0.5
Quality of Introduction and Conclusion,6.5,-1.0
Quality of Introduction and Conclusion,5.75,1.5
Quality of Introduction and Conclusion,6.25,2.5
Quality of Introduction and Conclusion,6.75,-0.5
Quality of Introduction and Conclusion,6.75,-0.5
Quality of Introduction and Conclusion,7.25,-0.5
Quality of Introduction and Conclusion,6.75,0.5
Quality of Introduction and Conclusion,6.0,1.0
Quality of Introduction and Conclusion,6.0,1.0
Quality of Introduction and Conclusion,6.75,-0.5
Quality of Introduction and Conclusion,6.75,0.5
Quality of Introduction and Conclusion,6.75,0.5
Quality of Introduction and Conclusion,7.0,0.0
Quality of Introduction and Conclusion,6.75,-0.5
Quality of Introduction and Conclusion,6.75,-0.09999999999999964
Quality of Introduction and Conclusion,7.25,-0.5
Quality of Introduction and Conclusion,6.75,0.5
Quality of Introduction and Conclusion,6.75,0.5
Quality of Introduction and Conclusion,7.0,-1.0
Quality of Introduction and Conclusion,7.0,0.0
Quality of Introduction and Conclusion,6.75,0.5
Quality of Introduction and Conclusion,7.25,0.5
Quality of Introduction and Conclusion,6.75,-0.5
Quality of Introduction and Conclusion,7.25,-0.5
Quality of Introduction and Conclusion,6.5,-1.0
Quality of Introduction and Conclusion,7.25,0.5
Quality of Introduction and Conclusion,6.5,1.0
Quality of Introduction and Conclusion,6.25,0.5
Quality of Introduction and Conclusion,6.5,1.0
Quality of Introduction and Conclusion,6.25,0.5
Quality of Introduction and Conclusion,7.25,0.5
Quality of Introduction and Conclusion,6.75,0.5
Quality of Introduction and Conclusion,8.0,-1.0
Quality of Introduction and Conclusion,6.5,0.0
Quality of Introduction and Conclusion,8.0,-1.0
Quality of Introduction and Conclusion,6.25,0.5
Quality of Introduction and Conclusion,6.75,0.5
Quality of Introduction and Conclusion,6.75,0.5
Quality of Introduction and Conclusion,7.0,-1.0
Quality of Introduction and Conclusion,6.5,0.0
Quality of Introduction and Conclusion,6.25,0.5
Quality of Introduction and Conclusion,6.75,0.5
Quality of Introduction and Conclusion,7.0,-1.0
Quality of Introduction and Conclusion,7.25,-0.5
Quality of Introduction and Conclusion,6.75,0.5
Quality of Introduction and Conclusion,6.75,-0.5
Quality of Introduction and Conclusion,6.5,-1.0
Quality of Introduction and Conclusion,7.0,0.0
Quality of Introduction and Conclusion,6.5,0.0
Quality of Introduction and Conclusion,7.0,1.0
Quality of Introduction and Conclusion,6.25,0.5
Quality of Introduction and Conclusion,6.75,-0.5
Quality of Introduction and Conclusion,6.75,0.5
Quality of Introduction and Conclusion,7.0,1.0
Quality of Introduction and Conclusion,6.75,-0.5
Quality of Introduction and Conclusion,6.75,0.5
Quality of Introduction and Conclusion,6.5,0.0
Quality of Introduction and Conclusion,7.25,-0.5
Quality of Introduction and Conclusion,7.75,-0.5
Quality of Introduction and Conclusion,6.75,-0.5
Quality of Introduction and Conclusion,7.25,0.5
Quality of Introduction and Conclusion,8.0,-1.0
Quality of Introduction and Conclusion,7.0,1.0
Quality of Introduction and Conclusion,7.25,-0.5
Quality of Introduction and Conclusion,6.0,1.0
Quality of Introduction and Conclusion,7.0,0.0
Quality of Introduction and Conclusion,7.0,0.0
Quality of Introduction and Conclusion,7.0,0.0
Quality of Introduction and Conclusion,6.75,-0.5
Quality of Introduction and Conclusion,6.75,-0.5
Quality of Introduction and Conclusion,7.0,-1.0
Quality of Introduction and Conclusion,7.0,0.0
Quality of Introduction and Conclusion,6.75,-0.5
Quality of Introduction and Conclusion,7.0,0.0
Quality of Introduction and Conclusion,7.5,0.0
Quality of Introduction and Conclusion,7.25,0.5
Quality of Introduction and Conclusion,7.0,0.0
Quality of Introduction and Conclusion,7.25,0.5
Quality of Introduction and Conclusion,6.25,0.5
Quality of Introduction and Conclusion,7.75,-0.5
Quality of Introduction and Conclusion,7.75,-0.5
Quality of Introduction and Conclusion,6.5,0.0
Quality of Introduction and Conclusion,7.0,-1.0
Quality of Introduction and Conclusion,7.25,-0.5
Quality of Introduction and Conclusion,7.25,-0.5
Quality of Introduction and Conclusion,6.5,1.0
Quality of Introduction and Conclusion,7.0,-1.0
Quality of Introduction and Conclusion,7.0,0.0
Quality of Introduction and Conclusion,6.5,1.0
Quality of Introduction and Conclusion,6.5,0.0
Quality of Introduction and Conclusion,7.5,0.0
Quality of Introduction and Conclusion,6.75,-0.5
Quality of Introduction and Conclusion,7.25,-0.5
Quality of Introduction and Conclusion,7.25,-0.5
Quality of Introduction and Conclusion,7.25,-0.5
Quality of Introduction and Conclusion,6.25,0.5
Quality of Introduction and Conclusion,7.75,-1.5
Quality of Introduction and Conclusion,7.0,1.0
Quality of Introduction and Conclusion,7.0,-1.0
Quality of Introduction and Conclusion,7.0,-1.0
Quality of Introduction and Conclusion,6.75,-0.5
Quality of Introduction and Conclusion,6.75,-0.5
Quality of Introduction and Conclusion,6.5,1.0
Quality of Introduction and Conclusion,6.5,-1.0
Quality of Introduction and Conclusion,7.75,-0.5
Quality of Introduction and Conclusion,7.5,-1.0
Quality of Introduction and Conclusion,6.75,0.5
Quality of Introduction and Conclusion,6.25,0.5
Quality of Introduction and Conclusion,6.25,0.5
Quality of Introduction and Conclusion,7.5,0.0
Quality of Introduction and Conclusion,7.0,-1.0
Quality of Introduction and Conclusion,7.0,-1.0
Quality of Introduction and Conclusion,8.0,1.0
Quality of Introduction and Conclusion,7.25,0.5
Quality of Introduction and Conclusion,7.55,0.5
Quality of Introduction and Conclusion,7.5,0.0
Quality of Introduction and Conclusion,7.5,0.0
Quality of Introduction and Conclusion,8.0,-1.0
Quality of Introduction and Conclusion,6.0,1.0
Quality of Introduction and Conclusion,6.25,-1.5
Quality of Introduction and Conclusion,6.75,-0.5
Quality of Introduction and Conclusion,6.75,-0.5
Quality of Introduction and Conclusion,7.25,-0.5
Quality of Introduction and Conclusion,6.25,0.5
Quality of Introduction and Conclusion,6.5,0.0
Quality of Introduction and Conclusion,7.75,-0.5
Quality of Introduction and Conclusion,7.5,0.0
Quality of Introduction and Conclusion,7.25,-0.5
Quality of Introduction and Conclusion,6.0,-2.0
Quality of Introduction and Conclusion,7.25,-0.5
Quality of Introduction and Conclusion,6.0,1.0
Quality of Introduction and Conclusion,6.25,0.5
Quality of Introduction and Conclusion,7.0,0.0
Quality of Introduction and Conclusion,6.75,0.5
Quality of Introduction and Conclusion,6.75,0.5
Quality of Introduction and Conclusion,7.0,0.0
Quality of Introduction and Conclusion,7.0,0.0
Quality of Introduction and Conclusion,7.0,1.0
Quality of Introduction and Conclusion,6.25,0.5
Quality of Introduction and Conclusion,7.5,-1.0
Quality of Introduction and Conclusion,7.25,0.5
Quality of Introduction and Conclusion,6.75,0.5
Quality of Introduction and Conclusion,6.5,0.0
Quality of Introduction and Conclusion,6.75,-0.5
Quality of Introduction and Conclusion,6.5,0.0
Quality of Introduction and Conclusion,7.5,0.0
Quality of Introduction and Conclusion,7.75,-0.5
Quality of Introduction and Conclusion,7.0,1.0
Quality of Introduction and Conclusion,6.75,-0.5
Quality of Introduction and Conclusion,7.75,-0.5
Quality of Introduction and Conclusion,7.0,0.0
Quality of Introduction and Conclusion,6.75,0.5
Quality of Introduction and Conclusion,7.5,0.0
Quality of Introduction and Conclusion,6.25,1.5
Quality of Introduction and Conclusion,7.75,-0.5
Quality of Introduction and Conclusion,6.75,0.5
Quality of Introduction and Conclusion,7.25,0.5
Quality of Introduction and Conclusion,6.75,0.5
Quality of Introduction and Conclusion,8.0,-1.0
Quality of Introduction and Conclusion,7.0,0.0
Quality of Introduction and Conclusion,6.75,0.5
Quality of Introduction and Conclusion,6.75,-0.5
Quality of Introduction and Conclusion,6.75,-0.5
Quality of Introduction and Conclusion,6.75,0.5
Quality of Introduction and Conclusion,6.5,0.0
Quality of Introduction and Conclusion,6.75,0.5
Quality of Introduction and Conclusion,6.25,0.5
Quality of Introduction and Conclusion,7.25,-0.5
Quality of Introduction and Conclusion,7.0,0.0
Quality of Introduction and Conclusion,8.0,-1.0
Quality of Introduction and Conclusion,7.0,0.0
Quality of Introduction and Conclusion,6.75,0.5
Quality of Introduction and Conclusion,6.5,1.0
Quality of Introduction and Conclusion,6.5,0.0
Quality of Introduction and Conclusion,7.0,0.0
Quality of Introduction and Conclusion,6.75,0.5
Quality of Introduction and Conclusion,6.5,0.0
Quality of Introduction and Conclusion,6.5,1.0
Quality of Introduction and Conclusion,7.25,-0.5
Quality of Introduction and Conclusion,5.75,1.5
Quality of Introduction and Conclusion,6.75,-0.5
Quality of Introduction and Conclusion,6.75,-0.5
Quality of Introduction and Conclusion,6.75,0.5
Quality of Introduction and Conclusion,6.75,-0.5
Quality of Introduction and Conclusion,7.0,1.0
Quality of Introduction and Conclusion,6.25,0.5
Quality of Introduction and Conclusion,7.25,-0.5
Quality of Introduction and Conclusion,6.75,-0.5
Quality of Introduction and Conclusion,6.5,1.0
Quality of Introduction and Conclusion,7.0,1.0
Quality of Introduction and Conclusion,7.25,0.5
Quality of Introduction and Conclusion,7.25,0.5
Quality of Introduction and Conclusion,6.0,2.0
Quality of Introduction and Conclusion,7.75,-0.5
Quality of Introduction and Conclusion,7.0,-1.0
Quality of Introduction and Conclusion,7.0,0.0
Quality of Introduction and Conclusion,6.25,0.5
Quality of Introduction and Conclusion,6.5,1.0
Quality of Introduction and Conclusion,7.0,0.0
Quality of Introduction and Conclusion,6.5,2.0
Quality of Introduction and Conclusion,7.25,0.5
Quality of Introduction and Conclusion,7.25,-1.5
Quality of Introduction and Conclusion,6.75,0.5
Quality of Introduction and Conclusion,7.5,-1.0
Quality of Introduction and Conclusion,6.0,1.0
Quality of Introduction and Conclusion,7.75,-0.5
Quality of Introduction and Conclusion,6.75,0.5
Quality of Introduction and Conclusion,7.5,0.0
Quality of Introduction and Conclusion,7.0,0.0
Quality of Introduction and Conclusion,6.75,0.5
Quality of Introduction and Conclusion,7.0,1.0
Quality of Introduction and Conclusion,6.75,0.5
Quality of Introduction and Conclusion,6.75,0.5
Quality of Introduction and Conclusion,7.0,0.0
Quality of Introduction and Conclusion,7.25,-0.5
Quality of Introduction and Conclusion,6.75,0.5
Quality of Introduction and Conclusion,8.0,-1.0
Quality of Introduction and Conclusion,6.75,0.5
Quality of Introduction and Conclusion,6.25,-0.5
Quality of Introduction and Conclusion,6.5,1.0
Quality of Introduction and Conclusion,7.0,-1.0
Quality of Introduction and Conclusion,7.75,-0.5
Quality of Introduction and Conclusion,6.75,-0.5
Quality of Introduction and Conclusion,7.5,0.0
Quality of Introduction and Conclusion,6.25,0.5
Quality of Introduction and Conclusion,6.25,0.5
Quality of Introduction and Conclusion,7.75,-0.5
Quality of Introduction and Conclusion,7.5,0.0
Quality of Introduction and Conclusion,6.0,1.0
Quality of Introduction and Conclusion,6.25,0.5
Quality of Introduction and Conclusion,6.25,0.5
Quality of Introduction and Conclusion,6.5,1.0
Quality of Introduction and Conclusion,7.0,-1.0
Quality of Introduction and Conclusion,7.0,0.0
Quality of Introduction and Conclusion,7.0,0.0
Quality of Introduction and Conclusion,8.0,-1.0
Quality of Introduction and Conclusion,6.75,0.5
Quality of Introduction and Conclusion,6.25,0.5
Quality of Introduction and Conclusion,6.75,-0.5
Quality of Introduction and Conclusion,7.25,0.5
Quality of Introduction and Conclusion,7.25,-0.5
Quality of Introduction and Conclusion,6.75,-0.5
Quality of Introduction and Conclusion,7.25,-0.5
Quality of Introduction and Conclusion,6.75,0.5
Quality of Introduction and Conclusion,7.75,-1.5
Quality of Introduction and Conclusion,6.75,-0.5
Quality of Introduction and Conclusion,6.25,0.5
Quality of Introduction and Conclusion,6.25,0.5
Quality of Introduction and Conclusion,6.75,-0.5
Quality of Introduction and Conclusion,7.75,-0.5
Quality of Introduction and Conclusion,6.5,1.0
Quality of Introduction and Conclusion,6.5,-1.0
Quality of Introduction and Conclusion,6.75,0.5
Quality of Introduction and Conclusion,6.5,1.0
Quality of Introduction and Conclusion,7.5,0.0
Quality of Introduction and Conclusion,7.5,0.0
Quality of Introduction and Conclusion,7.0,0.0
Quality of Introduction and Conclusion,6.75,0.09999999999999964
Quality of Introduction and Conclusion,6.25,0.5
Quality of Introduction and Conclusion,7.5,0.0
Quality of Introduction and Conclusion,7.699999999999999,-0.20000000000000018
Quality of Introduction and Conclusion,7.0,0.0
Quality of Introduction and Conclusion,7.25,-0.5
Quality of Introduction and Conclusion,7.25,0.5
Quality of Introduction and Conclusion,6.5,0.0
Quality of Introduction and Conclusion,6.5,1.0
Quality of Introduction and Conclusion,6.75,0.5
Quality of Introduction and Conclusion,6.75,-0.5
Quality of Introduction and Conclusion,7.75,-0.5
Quality of Introduction and Conclusion,6.25,0.5
Quality of Introduction and Conclusion,7.75,-0.5
Quality of Introduction and Conclusion,7.5,-1.0
Quality of Introduction and Conclusion,7.25,-0.5
Quality of Introduction and Conclusion,7.25,-0.5
Quality of Introduction and Conclusion,7.0,1.0
Quality of Introduction and Conclusion,6.0,1.0
Quality of Introduction and Conclusion,7.5,0.0
Quality of Introduction and Conclusion,6.75,-0.5
Quality of Introduction and Conclusion,6.75,-0.5
Quality of Introduction and Conclusion,6.5,0.0
Quality of Introduction and Conclusion,7.0,0.0
Quality of Introduction and Conclusion,6.5,1.0
Quality of Introduction and Conclusion,7.0,0.0
Quality of Introduction and Conclusion,6.5,0.0
Quality of Introduction and Conclusion,7.0,0.0
Quality of Introduction and Conclusion,5.75,1.5
Quality of Introduction and Conclusion,6.75,-0.5
Quality of Introduction and Conclusion,6.75,-0.5
Quality of Introduction and Conclusion,7.25,0.5
Quality of Introduction and Conclusion,6.0,1.0
Quality of Introduction and Conclusion,6.0,1.0
Quality of Introduction and Conclusion,7.25,-0.5
Quality of Introduction and Conclusion,7.0,0.0
Quality of Introduction and Conclusion,6.5,-1.0
Quality of Introduction and Conclusion,6.75,0.5
Quality of Introduction and Conclusion,7.0,-1.0
Quality of Introduction and Conclusion,6.5,0.0
Quality of Introduction and Conclusion,6.5,0.0
Quality of Introduction and Conclusion,6.0,1.0
Quality of Introduction and Conclusion,6.75,-0.5
Quality of Introduction and Conclusion,7.5,-1.0
Quality of Introduction and Conclusion,7.25,0.5
Quality of Introduction and Conclusion,6.75,0.5
Quality of Introduction and Conclusion,6.75,-0.5
Quality of Introduction and Conclusion,7.0,-1.0
Quality of Introduction and Conclusion,6.25,0.5
Quality of Introduction and Conclusion,6.75,0.5
Quality of Introduction and Conclusion,7.0,0.0
Quality of Introduction and Conclusion,7.5,0.0
Quality of Introduction and Conclusion,6.75,-0.5
Quality of Introduction and Conclusion,6.75,-0.5
Quality of Introduction and Conclusion,7.0,0.0
Quality of Introduction and Conclusion,7.5,-1.0
Quality of Introduction and Conclusion,7.5,0.0
Quality of Introduction and Conclusion,6.75,-0.5
Quality of Introduction and Conclusion,6.25,0.5
Quality of Introduction and Conclusion,6.75,0.5
Quality of Introduction and Conclusion,6.75,-0.5
Quality of Introduction and Conclusion,7.5,-1.0
Quality of Introduction and Conclusion,6.75,-0.5
Quality of Introduction and Conclusion,6.75,0.5
Quality of Introduction and Conclusion,6.0,1.0
Quality of Introduction and Conclusion,7.5,-1.0
Quality of Introduction and Conclusion,6.25,0.5
Quality of Introduction and Conclusion,7.5,-1.0
Quality of Introduction and Conclusion,6.75,-0.5
Quality of Introduction and Conclusion,6.75,-0.5
Quality of Introduction and Conclusion,7.5,-1.0
Quality of Introduction and Conclusion,6.75,-0.5
Quality of Introduction and Conclusion,6.5,-1.0
Quality of Introduction and Conclusion,6.75,0.5
Quality of Introduction and Conclusion,6.25,0.5
Quality of Introduction and Conclusion,7.25,-0.5
Quality of Introduction and Conclusion,7.0,0.0
Quality of Introduction and Conclusion,6.75,-0.5
Quality of Introduction and Conclusion,7.5,0.0
Quality of Introduction and Conclusion,8.0,-1.0
Quality of Introduction and Conclusion,7.25,-0.5
Quality of Introduction and Conclusion,6.75,-0.5
Quality of Introduction and Conclusion,6.75,0.5
Quality of Introduction and Conclusion,6.5,0.0
Quality of Introduction and Conclusion,6.25,0.5
Quality of Introduction and Conclusion,7.0,0.0
Quality of Introduction and Conclusion,7.0,-1.0
Quality of Introduction and Conclusion,7.25,0.5
Quality of Introduction and Conclusion,7.0,-1.0
Quality of Introduction and Conclusion,6.25,0.5
Quality of Introduction and Conclusion,5.5,1.0
Quality of Introduction and Conclusion,6.75,-0.5
Quality of Introduction and Conclusion,6.75,-0.5
Quality of Introduction and Conclusion,6.0,1.0
Quality of Introduction and Conclusion,6.25,0.5
Quality of Introduction and Conclusion,7.75,-1.5
Quality of Introduction and Conclusion,6.75,0.5
Quality of Introduction and Conclusion,6.75,0.5
Quality of Introduction and Conclusion,6.25,0.5
Quality of Introduction and Conclusion,6.75,-0.5
Quality of Introduction and Conclusion,6.25,0.5
Quality of Introduction and Conclusion,7.0,0.40000000000000036
Quality of Introduction and Conclusion,6.5,1.0
Quality of Introduction and Conclusion,7.5,-1.0
Quality of Introduction and Conclusion,7.0,-1.0
Quality of Introduction and Conclusion,6.75,0.5
Quality of Introduction and Conclusion,6.75,-0.5
Quality of Introduction and Conclusion,6.25,0.5
Quality of Introduction and Conclusion,6.5,1.0
Accuracy and Completeness of Citations,9.0,0.0
Accuracy and Completeness of Citations,10.0,0.0
Accuracy and Completeness of Citations,9.0,0.0
Accuracy and Completeness of Citations,9.2,0.0
Accuracy and Completeness of Citations,9.25,0.5
Accuracy and Completeness of Citations,10.0,0.0
Accuracy and Completeness of Citations,10.0,0.0
Accuracy and Completeness of Citations,10.0,0.0
Accuracy and Completeness of Citations,9.75,0.5
Accuracy and Completeness of Citations,9.0,0.0
Accuracy and Completeness of Citations,9.0,0.0
Accuracy and Completeness of Citations,10.0,0.0
Accuracy and Completeness of Citations,10.0,0.0
Accuracy and Completeness of Citations,9.75,0.5
Accuracy and Completeness of Citations,9.0,0.0
Accuracy and Completeness of Citations,9.5,0.0
Accuracy and Completeness of Citations,8.75,0.5
Accuracy and Completeness of Citations,9.0,0.0
Accuracy and Completeness of Citations,9.0,0.0
Accuracy and Completeness of Citations,9.0,0.0
Accuracy and Completeness of Citations,9.0,0.0
Accuracy and Completeness of Citations,9.0,0.0
Accuracy and Completeness of Citations,8.5,-1.0
Accuracy and Completeness of Citations,10.0,0.0
Accuracy and Completeness of Citations,10.0,0.0
Accuracy and Completeness of Citations,9.75,0.5
Accuracy and Completeness of Citations,10.0,0.0
Accuracy and Completeness of Citations,9.75,0.5
Accuracy and Completeness of Citations,9.25,-0.5
Accuracy and Completeness of Citations,9.0,0.0
Accuracy and Completeness of Citations,8.5,1.0
Accuracy and Completeness of Citations,8.5,0.0
Accuracy and Completeness of Citations,9.0,0.0
Accuracy and Completeness of Citations,8.75,0.5
Accuracy and Completeness of Citations,10.0,0.0
Accuracy and Completeness of Citations,8.75,0.5
Accuracy and Completeness of Citations,10.0,0.0
Accuracy and Completeness of Citations,9.0,0.0
Accuracy and Completeness of Citations,9.0,0.0
Accuracy and Completeness of Citations,9.5,0.0
Accuracy and Completeness of Citations,9.0,0.0
Accuracy and Completeness of Citations,10.0,0.0
Accuracy and Completeness of Citations,9.0,0.0
Accuracy and Completeness of Citations,8.75,0.5
Accuracy and Completeness of Citations,9.0,0.0
Accuracy and Completeness of Citations,9.35,0.3000000000000007
Accuracy and Completeness of Citations,10.0,0.0
Accuracy and Completeness of Citations,8.0,0.0
Accuracy and Completeness of Citations,9.0,0.0
Accuracy and Completeness of Citations,10.0,0.0
Accuracy and Completeness of Citations,9.25,-0.5
Accuracy and Completeness of Citations,9.0,0.0
Accuracy and Completeness of Citations,10.0,0.0
Accuracy and Completeness of Citations,9.5,0.0
Accuracy and Completeness of Citations,9.0,0.0
Accuracy and Completeness of Citations,9.25,-0.5
Accuracy and Completeness of Citations,8.75,0.5
Accuracy and Completeness of Citations,8.75,0.5
Accuracy and Completeness of Citations,9.0,0.0
Accuracy and Completeness of Citations,9.0,0.0
Accuracy and Completeness of Citations,10.0,0.0
Accuracy and Completeness of Citations,9.5,0.0
Accuracy and Completeness of Citations,10.0,0.0
Accuracy and Completeness of Citations,8.75,-0.5
Accuracy and Completeness of Citations,9.25,0.5
Accuracy and Completeness of Citations,10.0,0.0
Accuracy and Completeness of Citations,9.5,0.0
Accuracy and Completeness of Citations,9.25,0.5
Accuracy and Completeness of Citations,9.0,1.0
Accuracy and Completeness of Citations,9.0,1.0
Accuracy and Completeness of Citations,9.0,0.0
Accuracy and Completeness of Citations,8.75,-0.5
Accuracy and Completeness of Citations,8.75,0.5
Accuracy and Completeness of Citations,9.5,0.0
Accuracy and Completeness of Citations,9.0,0.0
Accuracy and Completeness of Citations,9.0,0.0
Accuracy and Completeness of Citations,9.5,0.0
Accuracy and Completeness of Citations,8.75,0.5
Accuracy and Completeness of Citations,8.75,0.5
Accuracy and Completeness of Citations,9.25,0.5
Accuracy and Completeness of Citations,9.0,1.0
Accuracy and Completeness of Citations,9.0,0.0
Accuracy and Completeness of Citations,9.0,0.0
Accuracy and Completeness of Citations,9.0,0.0
Accuracy and Completeness of Citations,9.25,-0.5
Accuracy and Completeness of Citations,8.5,1.0
Accuracy and Completeness of Citations,8.75,0.5
Accuracy and Completeness of Citations,8.75,0.5
Accuracy and Completeness of Citations,10.0,0.0
Accuracy and Completeness of Citations,9.5,0.0
Accuracy and Completeness of Citations,8.75,0.5
Accuracy and Completeness of Citations,8.75,0.5
Accuracy and Completeness of Citations,9.0,0.0
Accuracy and Completeness of Citations,9.25,-0.5
Accuracy and Completeness of Citations,9.0,0.0
Accuracy and Completeness of Citations,8.5,1.0
Accuracy and Completeness of Citations,9.0,0.0
Accuracy and Completeness of Citations,9.25,-0.5
Accuracy and Completeness of Citations,9.25,0.8999999999999986
Accuracy and Completeness of Citations,9.0,0.0
Accuracy and Completeness of Citations,9.75,-0.5
Accuracy and Completeness of Citations,9.0,0.0
Accuracy and Completeness of Citations,9.25,0.5
Accuracy and Completeness of Citations,8.75,0.5
Accuracy and Completeness of Citations,9.0,0.0
Accuracy and Completeness of Citations,9.0,0.0
Accuracy and Completeness of Citations,9.25,0.5
Accuracy and Completeness of Citations,9.75,0.5
Accuracy and Completeness of Citations,9.0,0.0
Accuracy and Completeness of Citations,9.25,-0.5
Accuracy and Completeness of Citations,9.45,0.09999999999999964
Accuracy and Completeness of Citations,8.5,1.0
Accuracy and Completeness of Citations,9.5,0.0
Accuracy and Completeness of Citations,9.5,0.0
Accuracy and Completeness of Citations,9.5,0.0
Accuracy and Completeness of Citations,9.0,0.0
Accuracy and Completeness of Citations,9.0,0.0
Accuracy and Completeness of Citations,9.25,0.5
Accuracy and Completeness of Citations,9.0,0.0
Accuracy and Completeness of Citations,9.9,0.1999999999999993
Accuracy and Completeness of Citations,8.75,0.5
Accuracy and Completeness of Citations,9.0,0.0
Accuracy and Completeness of Citations,10.0,0.0
Accuracy and Completeness of Citations,8.75,0.5
Accuracy and Completeness of Citations,9.0,0.0
Accuracy and Completeness of Citations,9.0,0.0
Accuracy and Completeness of Citations,10.0,0.0
Accuracy and Completeness of Citations,9.75,0.5
Accuracy and Completeness of Citations,10.0,0.0
Accuracy and Completeness of Citations,9.75,0.5
Accuracy and Completeness of Citations,9.0,0.0
Accuracy and Completeness of Citations,9.0,0.0
Accuracy and Completeness of Citations,9.25,-0.5
Accuracy and Completeness of Citations,9.0,0.0
Accuracy and Completeness of Citations,9.0,1.0
Accuracy and Completeness of Citations,9.75,0.5
Accuracy and Completeness of Citations,8.75,0.5
Accuracy and Completeness of Citations,10.0,0.0
Accuracy and Completeness of Citations,8.75,0.5
Accuracy and Completeness of Citations,9.0,0.0
Accuracy and Completeness of Citations,9.0,0.0
Accuracy and Completeness of Citations,8.75,0.5
Accuracy and Completeness of Citations,9.0,0.0
Accuracy and Completeness of Citations,10.0,0.0
Accuracy and Completeness of Citations,9.25,-0.5
Accuracy and Completeness of Citations,9.25,0.5
Accuracy and Completeness of Citations,9.25,-0.5
Accuracy and Completeness of Citations,8.75,0.5
Accuracy and Completeness of Citations,10.0,0.0
Accuracy and Completeness of Citations,8.75,0.5
Accuracy and Completeness of Citations,9.0,0.0
Accuracy and Completeness of Citations,9.0,0.0
Accuracy and Completeness of Citations,9.25,0.5
Accuracy and Completeness of Citations,8.5,1.0
Accuracy and Completeness of Citations,9.0,0.0
Accuracy and Completeness of Citations,9.0,0.0
Accuracy and Completeness of Citations,9.0,0.0
Accuracy and Completeness of Citations,9.0,0.0
Accuracy and Completeness of Citations,9.0,0.0
Accuracy and Completeness of Citations,9.0,0.0
Accuracy and Completeness of Citations,10.0,0.0
Accuracy and Completeness of Citations,9.0,0.0
Accuracy and Completeness of Citations,8.75,0.5
Accuracy and Completeness of Citations,9.0,0.0
Accuracy and Completeness of Citations,9.0,0.0
Accuracy and Completeness of Citations,8.75,0.5
Accuracy and Completeness of Citations,8.75,0.5
Accuracy and Completeness of Citations,10.0,0.0
Accuracy and Completeness of Citations,8.75,0.5
Accuracy and Completeness of Citations,9.0,0.0
Accuracy and Completeness of Citations,10.0,0.0
Accuracy and Completeness of Citations,9.5,0.0
Accuracy and Completeness of Citations,8.75,0.5
Accuracy and Completeness of Citations,8.75,0.5
Accuracy and Completeness of Citations,9.75,0.5
Accuracy and Completeness of Citations,9.0,0.0
Accuracy and Completeness of Citations,9.0,0.0
Accuracy and Completeness of Citations,9.25,-0.5
Accuracy and Completeness of Citations,10.0,0.0
Accuracy and Completeness of Citations,9.25,-0.5
Accuracy and Completeness of Citations,10.0,0.0
Accuracy and Completeness of Citations,8.75,0.5
Accuracy and Completeness of Citations,9.25,-0.5
Accuracy and Completeness of Citations,9.25,0.5
Accuracy and Completeness of Citations,9.0,0.0
Accuracy and Completeness of Citations,8.75,0.5
Accuracy and Completeness of Citations,10.0,0.0
Accuracy and Completeness of Citations,9.25,-0.5
Accuracy and Completeness of Citations,9.5,0.0
Accuracy and Completeness of Citations,9.0,0.0
Accuracy and Completeness of Citations,9.25,0.5
Accuracy and Completeness of Citations,8.5,1.0
Accuracy and Completeness of Citations,8.75,0.5
Accuracy and Completeness of Citations,9.0,0.0
Accuracy and Completeness of Citations,8.5,1.0
Accuracy and Completeness of Citations,9.25,0.5
Accuracy and Completeness of Citations,9.5,0.0
Accuracy and Completeness of Citations,9.5,0.0
Accuracy and Completeness of Citations,9.05,-0.09999999999999964
Accuracy and Completeness of Citations,10.0,0.0
Accuracy and Completeness of Citations,9.0,0.0
Accuracy and Completeness of Citations,10.0,0.0
Accuracy and Completeness of Citations,9.0,0.0
Accuracy and Completeness of Citations,10.0,0.0
Accuracy and Completeness of Citations,9.0,0.0
Accuracy and Completeness of Citations,8.75,0.5
Accuracy and Completeness of Citations,10.0,0.0
Accuracy and Completeness of Citations,10.0,0.0
Accuracy and Completeness of Citations,8.5,1.0
Accuracy and Completeness of Citations,9.25,0.5
Accuracy and Completeness of Citations,10.0,0.0
Accuracy and Completeness of Citations,8.5,1.0
Accuracy and Completeness of Citations,9.5,1.0
Accuracy and Completeness of Citations,9.25,0.5
Accuracy and Completeness of Citations,8.75,0.5
Accuracy and Completeness of Citations,8.9,0.1999999999999993
Accuracy and Completeness of Citations,8.75,-0.5
Accuracy and Completeness of Citations,10.0,0.0
Accuracy and Completeness of Citations,8.75,-0.5
Accuracy and Completeness of Citations,9.0,0.0
Accuracy and Completeness of Citations,10.0,0.0
Accuracy and Completeness of Citations,9.25,0.5
Accuracy and Completeness of Citations,8.75,0.5
Accuracy and Completeness of Citations,9.5,0.0
Accuracy and Completeness of Citations,9.5,0.0
Accuracy and Completeness of Citations,8.75,0.5
Accuracy and Completeness of Citations,9.0,0.0
Accuracy and Completeness of Citations,9.25,0.5
Accuracy and Completeness of Citations,9.0,0.0
Accuracy and Completeness of Citations,10.0,0.0
Accuracy and Completeness of Citations,9.0,-1.0
Accuracy and Completeness of Citations,10.0,0.0
Accuracy and Completeness of Citations,9.0,0.0
Accuracy and Completeness of Citations,8.5,1.0
Accuracy and Completeness of Citations,9.25,0.5
Accuracy and Completeness of Citations,8.75,0.5
Accuracy and Completeness of Citations,9.25,0.5
Accuracy and Completeness of Citations,9.25,0.5
Accuracy and Completeness of Citations,9.25,0.5
Accuracy and Completeness of Citations,10.0,0.0
Accuracy and Completeness of Citations,9.0,0.0
Accuracy and Completeness of Citations,9.25,-0.5
Accuracy and Completeness of Citations,9.25,-0.5
Accuracy and Completeness of Citations,10.0,0.0
Accuracy and Completeness of Citations,10.0,0.0
Accuracy and Completeness of Citations,9.75,-0.5
Accuracy and Completeness of Citations,9.0,0.0
Accuracy and Completeness of Citations,9.0,0.0
Accuracy and Completeness of Citations,9.0,1.0
Accuracy and Completeness of Citations,10.0,0.0
Accuracy and Completeness of Citations,10.0,0.0
Accuracy and Completeness of Citations,10.0,0.0
Accuracy and Completeness of Citations,9.0,0.0
Accuracy and Completeness of Citations,9.0,0.0
Accuracy and Completeness of Citations,9.0,0.0
Accuracy and Completeness of Citations,9.0,0.0
Accuracy and Completeness of Citations,9.0,0.0
Accuracy and Completeness of Citations,10.0,0.0
Accuracy and Completeness of Citations,8.75,0.5
Accuracy and Completeness of Citations,9.5,0.0
Accuracy and Completeness of Citations,10.0,0.0
Accuracy and Completeness of Citations,9.25,0.5
Accuracy and Completeness of Citations,8.75,0.5
Accuracy and Completeness of Citations,9.0,0.0
Accuracy and Completeness of Citations,9.0,0.0
Accuracy and Completeness of Citations,9.0,0.0
Accuracy and Completeness of Citations,9.25,-0.5
Accuracy and Completeness of Citations,9.0,0.0
Accuracy and Completeness of Citations,9.5,0.0
Accuracy and Completeness of Citations,9.75,0.5
Accuracy and Completeness of Citations,9.0,0.0
Accuracy and Completeness of Citations,9.0,0.0
Accuracy and Completeness of Citations,10.0,0.0
Accuracy and Completeness of Citations,10.0,0.0
Accuracy and Completeness of Citations,9.5,0.0
Accuracy and Completeness of Citations,9.0,0.0
Accuracy and Completeness of Citations,9.0,0.0
Accuracy and Completeness of Citations,9.0,0.0
Accuracy and Completeness of Citations,9.25,-0.5
Accuracy and Completeness of Citations,8.75,0.5
Accuracy and Completeness of Citations,9.25,-0.5
Accuracy and Completeness of Citations,8.75,0.5
Accuracy and Completeness of Citations,9.25,-0.5
Accuracy and Completeness of Citations,9.25,-0.5
Accuracy and Completeness of Citations,9.0,0.0
Accuracy and Completeness of Citations,9.25,0.5
Accuracy and Completeness of Citations,10.0,0.0
Accuracy and Completeness of Citations,10.0,0.0
Accuracy and Completeness of Citations,9.0,0.0
Accuracy and Completeness of Citations,9.0,0.0
Accuracy and Completeness of Citations,8.75,0.5
Accuracy and Completeness of Citations,9.25,0.5
Accuracy and Completeness of Citations,8.75,0.5
Accuracy and Completeness of Citations,9.0,0.0
Accuracy and Completeness of Citations,9.25,-0.5
Accuracy and Completeness of Citations,9.0,0.0
Accuracy and Completeness of Citations,8.0,1.0
Accuracy and Completeness of Citations,10.0,0.0
Accuracy and Completeness of Citations,8.75,0.5
Accuracy and Completeness of Citations,8.75,0.5
Accuracy and Completeness of Citations,9.0,0.0
Accuracy and Completeness of Citations,8.5,-1.0
Accuracy and Completeness of Citations,9.0,1.0
Accuracy and Completeness of Citations,8.75,-0.5
Accuracy and Completeness of Citations,9.0,0.0
Accuracy and Completeness of Citations,9.0,0.0
Accuracy and Completeness of Citations,9.0,0.0
Accuracy and Completeness of Citations,8.75,0.5
Accuracy and Completeness of Citations,9.5,0.0
Accuracy and Completeness of Citations,9.0,0.0
Accuracy and Completeness of Citations,9.5,0.0
Accuracy and Completeness of Citations,9.0,0.0
Accuracy and Completeness of Citations,9.0,0.0
Accuracy and Completeness of Citations,9.0,0.0
Accuracy and Completeness of Citations,8.5,1.0
Accuracy and Completeness of Citations,9.25,0.5
Accuracy and Completeness of Citations,10.0,0.0
Accuracy and Completeness of Citations,10.0,0.0
Accuracy and Completeness of Citations,9.0,0.0
Accuracy and Completeness of Citations,10.0,0.0
Accuracy and Completeness of Citations,10.0,0.0
Accuracy and Completeness of Citations,9.0,0.0
Accuracy and Completeness of Citations,9.75,0.5
Accuracy and Completeness of Citations,9.75,-0.5
Accuracy and Completeness of Citations,8.75,0.5
Accuracy and Completeness of Citations,10.0,0.0
Accuracy and Completeness of Citations,9.0,0.0
Accuracy and Completeness of Citations,9.0,0.0
Accuracy and Completeness of Citations,9.0,0.0
Accuracy and Completeness of Citations,9.5,0.0
Accuracy and Completeness of Citations,9.0,0.0
Accuracy and Completeness of Citations,8.75,0.5
Accuracy and Completeness of Citations,10.0,0.0
Accuracy and Completeness of Citations,9.25,-0.5
Accuracy and Completeness of Citations,10.0,0.0
Accuracy and Completeness of Citations,9.0,0.0
Accuracy and Completeness of Citations,10.0,0.0
Accuracy and Completeness of Citations,9.5,0.0
Accuracy and Completeness of Citations,9.0,0.0
Accuracy and Completeness of Citations,9.25,0.5
Accuracy and Completeness of Citations,9.0,0.0
Accuracy and Completeness of Citations,8.75,0.5
Accuracy and Completeness of Citations,9.0,0.0
Accuracy and Completeness of Citations,9.5,0.0
Accuracy and Completeness of Citations,10.0,0.0
Accuracy and Completeness of Citations,8.75,0.5
Accuracy and Completeness of Citations,9.0,0.0
Accuracy and Completeness of Citations,9.25,0.5
Accuracy and Completeness of Citations,8.5,0.0
Accuracy and Completeness of Citations,9.25,0.5
Accuracy and Completeness of Citations,9.75,0.5
Accuracy and Completeness of Citations,9.0,0.0
Accuracy and Completeness of Citations,10.0,0.0
Accuracy and Completeness of Citations,9.0,0.0
Accuracy and Completeness of Citations,10.0,0.0
Accuracy and Completeness of Citations,8.75,0.5
Accuracy and Completeness of Citations,8.75,0.5
Accuracy and Completeness of Citations,9.0,0.0
Accuracy and Completeness of Citations,9.0,0.0
Accuracy and Completeness of Citations,9.25,0.5
Accuracy and Completeness of Citations,9.5,0.0
Accuracy and Completeness of Citations,10.0,0.0
Accuracy and Completeness of Citations,9.0,0.0
Accuracy and Completeness of Citations,10.0,0.0
Accuracy and Completeness of Citations,9.0,0.0
Accuracy and Completeness of Citations,9.25,0.5
Accuracy and Completeness of Citations,9.25,0.5
Accuracy and Completeness of Citations,9.5,0.0
Accuracy and Completeness of Citations,8.75,0.5
Accuracy and Completeness of Citations,8.75,0.5
Accuracy and Completeness of Citations,8.75,0.5
Accuracy and Completeness of Citations,9.0,0.0
Accuracy and Completeness of Citations,9.5,1.0
Accuracy and Completeness of Citations,10.0,0.0
Accuracy and Completeness of Citations,8.75,0.5
Accuracy and Completeness of Citations,8.75,0.5
Accuracy and Completeness of Citations,10.0,0.0
Accuracy and Completeness of Citations,8.75,-0.5
Accuracy and Completeness of Citations,9.25,-0.5
Accuracy and Completeness of Citations,9.25,0.5
Accuracy and Completeness of Citations,9.75,0.5
Accuracy and Completeness of Citations,10.0,0.0
Accuracy and Completeness of Citations,9.5,0.0
Accuracy and Completeness of Citations,8.75,0.5
Accuracy and Completeness of Citations,10.0,0.0
Accuracy and Completeness of Citations,9.5,0.0
Accuracy and Completeness of Citations,8.75,0.5
Accuracy and Completeness of Citations,8.25,-0.5
Accuracy and Completeness of Citations,9.5,1.0
Accuracy and Completeness of Citations,9.0,0.0
Accuracy and Completeness of Citations,10.0,0.0
Accuracy and Completeness of Citations,9.5,0.0
Accuracy and Completeness of Citations,9.0,0.0
Accuracy and Completeness of Citations,9.0,0.0
Accuracy and Completeness of Citations,8.5,1.0
Accuracy and Completeness of Citations,10.0,0.0
Accuracy and Completeness of Citations,9.25,0.5
Accuracy and Completeness of Citations,10.0,0.0
Accuracy and Completeness of Citations,9.0,0.0
Accuracy and Completeness of Citations,9.0,0.0
Accuracy and Completeness of Citations,9.25,-0.5
Accuracy and Completeness of Citations,8.75,0.5
Accuracy and Completeness of Citations,8.75,-0.5
Accuracy and Completeness of Citations,8.75,0.5
Accuracy and Completeness of Citations,9.0,0.0
Accuracy and Completeness of Citations,9.75,-0.5
Accuracy and Completeness of Citations,9.5,0.0
Accuracy and Completeness of Citations,10.0,0.0
Accuracy and Completeness of Citations,8.75,0.5
Accuracy and Completeness of Citations,9.25,0.5
Accuracy and Completeness of Citations,9.25,-0.5
Accuracy and Completeness of Citations,8.75,0.5
Accuracy and Completeness of Citations,8.5,1.0
Accuracy and Completeness of Citations,9.25,0.5
Accuracy and Completeness of Citations,9.5,0.0
Accuracy and Completeness of Citations,8.5,1.0
Accuracy and Completeness of Citations,9.0,0.0
Accuracy and Completeness of Citations,10.0,0.0
Accuracy and Completeness of Citations,9.5,0.0
Accuracy and Completeness of Citations,9.0,0.0
Accuracy and Completeness of Citations,8.75,0.5
Accuracy and Completeness of Citations,8.75,0.5
Accuracy and Completeness of Citations,9.0,0.0
Accuracy and Completeness of Citations,8.75,0.5
Accuracy and Completeness of Citations,9.0,0.0
Accuracy and Completeness of Citations,8.75,-0.5
Accuracy and Completeness of Citations,9.0,0.0
Accuracy and Completeness of Citations,10.0,0.0
Accuracy and Completeness of Citations,9.25,-0.5
Accuracy and Completeness of Citations,8.75,0.5
Accuracy and Completeness of Citations,6.0,0.0
Accuracy and Completeness of Citations,8.75,0.5
Accuracy and Completeness of Citations,9.0,0.0
Accuracy and Completeness of Citations,9.0,0.0
Accuracy and Completeness of Citations,8.5,1.0
Accuracy and Completeness of Citations,10.0,0.0
Accuracy and Completeness of Citations,9.0,0.0
Accuracy and Completeness of Citations,10.0,0.0
Accuracy and Completeness of Citations,8.5,1.0
Accuracy and Completeness of Citations,9.5,0.0
Accuracy and Completeness of Citations,9.0,0.0
Accuracy and Completeness of Citations,9.850000000000001,0.09999999999999964
Accuracy and Completeness of Citations,10.0,0.0
Accuracy and Completeness of Citations,9.0,0.0
Accuracy and Completeness of Citations,9.0,0.0
Accuracy and Completeness of Citations,8.75,0.5
Accuracy and Completeness of Citations,9.25,0.5
Accuracy and Completeness of Citations,9.0,0.0
Accuracy and Completeness of Citations,9.0,0.0
Accuracy and Completeness of Citations,8.5,1.0
Accuracy and Completeness of Citations,9.75,0.5
Accuracy and Completeness of Citations,9.0,0.0
Accuracy and Completeness of Citations,9.0,0.0
Accuracy and Completeness of Citations,9.0,0.0
Accuracy and Completeness of Citations,9.25,-0.5
Accuracy and Completeness of Citations,9.75,-0.5
Accuracy and Completeness of Citations,9.0,0.0
Accuracy and Completeness of Citations,9.0,0.0
Accuracy and Completeness of Citations,8.75,0.5
Accuracy and Completeness of Citations,9.5,1.0
Accuracy and Completeness of Citations,9.0,0.0
Accuracy and Completeness of Citations,9.0,0.0
Accuracy and Completeness of Citations,9.0,0.0
Accuracy and Completeness of Citations,10.0,0.0
Accuracy and Completeness of Citations,9.5,0.0
Accuracy and Completeness of Citations,10.0,0.0
Accuracy and Completeness of Citations,10.0,0.0
Accuracy and Completeness of Citations,9.25,0.5
Accuracy and Completeness of Citations,10.0,0.0
Accuracy and Completeness of Citations,9.5,1.0
Accuracy and Completeness of Citations,9.25,0.5
Accuracy and Completeness of Citations,10.0,0.0
Accuracy and Completeness of Citations,9.25,-0.5
Accuracy and Completeness of Citations,9.0,0.0
Accuracy and Completeness of Citations,8.5,1.0
Accuracy and Completeness of Citations,9.5,0.0
Accuracy and Completeness of Citations,9.5,0.0
Accuracy and Completeness of Citations,8.0,0.0
Accuracy and Completeness of Citations,10.0,0.0
Accuracy and Completeness of Citations,9.0,0.0
Accuracy and Completeness of Citations,9.5,0.0
Accuracy and Completeness of Citations,9.5,0.0
Accuracy and Completeness of Citations,9.0,1.0
Accuracy and Completeness of Citations,9.0,0.0
Accuracy and Completeness of Citations,10.0,0.0
Accuracy and Completeness of Citations,8.75,0.5
Accuracy and Completeness of Citations,9.25,0.5
Accuracy and Completeness of Citations,9.0,0.0
Accuracy and Completeness of Citations,9.75,-0.5
Accuracy and Completeness of Citations,9.25,0.5
Accuracy and Completeness of Citations,9.75,0.5
Accuracy and Completeness of Citations,10.0,0.0
Accuracy and Completeness of Citations,8.5,0.0
Accuracy and Completeness of Citations,9.0,0.0
Accuracy and Completeness of Citations,9.0,0.0
Accuracy and Completeness of Citations,9.0,0.0
Accuracy and Completeness of Citations,9.25,-0.5
Accuracy and Completeness of Citations,9.0,0.0
Accuracy and Completeness of Citations,10.0,0.0
Accuracy and Completeness of Citations,8.75,0.5
Accuracy and Completeness of Citations,9.0,0.0
Accuracy and Completeness of Citations,8.75,0.5
Accuracy and Completeness of Citations,9.0,-1.0
Accuracy and Completeness of Citations,9.0,0.0
Accuracy and Completeness of Citations,8.75,0.5
Accuracy and Completeness of Citations,8.75,0.5
Accuracy and Completeness of Citations,9.25,-0.5
Accuracy and Completeness of Citations,10.0,0.0
Accuracy and Completeness of Citations,9.0,0.0
Accuracy and Completeness of Citations,9.0,0.0
Accuracy and Completeness of Citations,9.5,0.0
Accuracy and Completeness of Citations,9.25,-0.5
Accuracy and Completeness of Citations,9.0,0.0
Accuracy and Completeness of Citations,9.0,0.0
Accuracy and Completeness of Citations,8.75,0.5
Accuracy and Completeness of Citations,9.0,0.0
Accuracy and Completeness of Citations,10.0,0.0
Accuracy and Completeness of Citations,10.0,0.0
Accuracy and Completeness of Citations,9.5,0.0
Accuracy and Completeness of Citations,8.0,0.0
Accuracy and Completeness of Citations,9.25,-0.5
Accuracy and Completeness of Citations,9.0,0.0
Accuracy and Completeness of Citations,9.5,0.0
Accuracy and Completeness of Citations,9.5,0.0
Accuracy and Completeness of Citations,9.0,0.0
Accuracy and Completeness of Citations,9.75,0.5
Accuracy and Completeness of Citations,9.5,0.0
Accuracy and Completeness of Citations,9.0,0.0
Accuracy and Completeness of Citations,8.75,0.5
Accuracy and Completeness of Citations,9.25,0.5
Accuracy and Completeness of Citations,9.25,0.5
Accuracy and Completeness of Citations,8.75,0.5
Accuracy and Completeness of Citations,9.0,0.0
Accuracy and Completeness of Citations,9.0,0.0
Accuracy and Completeness of Citations,8.5,1.0
Accuracy and Completeness of Citations,8.75,0.5
Accuracy and Completeness of Citations,9.25,-0.5
Accuracy and Completeness of Citations,9.0,0.0
Accuracy and Completeness of Citations,9.0,0.0
Accuracy and Completeness of Citations,9.35,0.3000000000000007
Accuracy and Completeness of Citations,7.75,-0.5
Accuracy and Completeness of Citations,8.75,0.5
Accuracy and Completeness of Citations,8.75,0.5
Accuracy and Completeness of Citations,9.75,0.5
Accuracy and Completeness of Citations,8.75,-0.5
Accuracy and Completeness of Citations,9.0,0.0
Accuracy and Completeness of Citations,9.75,0.5
Accuracy and Completeness of Citations,9.0,0.0
Accuracy and Completeness of Citations,8.75,0.5
Accuracy and Completeness of Citations,9.5,1.0
Timeliness and Relevance of References,7.5,0.0
Timeliness and Relevance of References,8.0,0.0
Timeliness and Relevance of References,7.0,0.0
Timeliness and Relevance of References,7.2,0.0
Timeliness and Relevance of References,7.25,0.5
Timeliness and Relevance of References,8.05,0.09999999999999964
Timeliness and Relevance of References,7.75,0.5
Timeliness and Relevance of References,7.75,0.5
Timeliness and Relevance of References,7.75,0.5
Timeliness and Relevance of References,8.0,0.0
Timeliness and Relevance of References,8.0,0.0
Timeliness and Relevance of References,8.0,0.0
Timeliness and Relevance of References,8.5,-1.0
Timeliness and Relevance of References,7.75,0.5
Timeliness and Relevance of References,8.5,-1.0
Timeliness and Relevance of References,8.0,0.0
Timeliness and Relevance of References,7.25,0.5
Timeliness and Relevance of References,7.5,0.0
Timeliness and Relevance of References,8.0,0.0
Timeliness and Relevance of References,8.5,0.0
Timeliness and Relevance of References,7.5,0.0
Timeliness and Relevance of References,7.75,0.5
Timeliness and Relevance of References,8.0,-1.0
Timeliness and Relevance of References,8.25,0.5
Timeliness and Relevance of References,7.25,0.5
Timeliness and Relevance of References,7.5,1.0
Timeliness and Relevance of References,8.25,0.5
Timeliness and Relevance of References,7.75,0.5
Timeliness and Relevance of References,8.75,-0.5
Timeliness and Relevance of References,8.0,0.0
Timeliness and Relevance of References,7.5,1.0
Timeliness and Relevance of References,7.5,0.0
Timeliness and Relevance of References,8.0,0.0
Timeliness and Relevance of References,8.25,0.5
Timeliness and Relevance of References,7.5,1.0
Timeliness and Relevance of References,7.5,1.0
Timeliness and Relevance of References,8.0,0.0
Timeliness and Relevance of References,8.0,0.0
Timeliness and Relevance of References,7.75,-0.5
Timeliness and Relevance of References,7.5,0.0
Timeliness and Relevance of References,8.25,-0.5
Timeliness and Relevance of References,8.0,0.0
Timeliness and Relevance of References,8.5,0.0
Timeliness and Relevance of References,7.75,0.5
Timeliness and Relevance of References,8.5,0.0
Timeliness and Relevance of References,9.0,-1.0
Timeliness and Relevance of References,8.0,0.0
Timeliness and Relevance of References,7.0,0.0
Timeliness and Relevance of References,8.0,1.0
Timeliness and Relevance of References,8.0,0.0
Timeliness and Relevance of References,8.0,-1.0
Timeliness and Relevance of References,7.5,0.0
Timeliness and Relevance of References,8.0,0.0
Timeliness and Relevance of References,7.5,0.0
Timeliness and Relevance of References,7.5,0.0
Timeliness and Relevance of References,8.0,-1.0
Timeliness and Relevance of References,8.25,-0.5
Timeliness and Relevance of References,8.0,1.0
Timeliness and Relevance of References,8.0,0.0
Timeliness and Relevance of References,8.25,-0.5
Timeliness and Relevance of References,8.0,0.0
Timeliness and Relevance of References,8.0,0.0
Timeliness and Relevance of References,7.75,0.5
Timeliness and Relevance of References,7.25,-0.5
Timeliness and Relevance of References,7.75,0.5
Timeliness and Relevance of References,7.75,0.5
Timeliness and Relevance of References,7.75,-1.5
Timeliness and Relevance of References,7.5,0.0
Timeliness and Relevance of References,7.75,0.5
Timeliness and Relevance of References,8.0,1.0
Timeliness and Relevance of References,8.25,0.5
Timeliness and Relevance of References,8.25,-0.5
Timeliness and Relevance of References,8.25,0.5
Timeliness and Relevance of References,8.5,0.0
Timeliness and Relevance of References,8.0,0.0
Timeliness and Relevance of References,8.25,-0.5
Timeliness and Relevance of References,8.5,0.0
Timeliness and Relevance of References,8.0,1.0
Timeliness and Relevance of References,8.25,0.5
Timeliness and Relevance of References,8.25,0.5
Timeliness and Relevance of References,7.25,1.5
Timeliness and Relevance of References,8.0,-1.0
Timeliness and Relevance of References,8.0,0.0
Timeliness and Relevance of References,7.5,0.0
Timeliness and Relevance of References,8.25,-0.5
Timeliness and Relevance of References,7.5,-1.0
Timeliness and Relevance of References,7.75,0.5
Timeliness and Relevance of References,7.75,0.5
Timeliness and Relevance of References,8.0,0.0
Timeliness and Relevance of References,7.0,0.0
Timeliness and Relevance of References,7.75,0.5
Timeliness and Relevance of References,7.75,-0.5
Timeliness and Relevance of References,7.5,0.0
Timeliness and Relevance of References,8.0,-1.0
Timeliness and Relevance of References,8.0,0.0
Timeliness and Relevance of References,8.0,1.0
Timeliness and Relevance of References,7.75,-0.5
Timeliness and Relevance of References,8.0,-1.0
Timeliness and Relevance of References,8.0,0.8000000000000007
Timeliness and Relevance of References,8.0,0.0
Timeliness and Relevance of References,8.5,-1.0
Timeliness and Relevance of References,8.25,-0.5
Timeliness and Relevance of References,7.5,1.0
Timeliness and Relevance of References,7.75,0.5
Timeliness and Relevance of References,7.75,-0.5
Timeliness and Relevance of References,8.5,0.0
Timeliness and Relevance of References,7.75,0.5
Timeliness and Relevance of References,7.75,0.5
Timeliness and Relevance of References,8.0,0.0
Timeliness and Relevance of References,8.25,-0.5
Timeliness and Relevance of References,7.55,0.09999999999999964
Timeliness and Relevance of References,7.5,1.0
Timeliness and Relevance of References,8.0,0.0
Timeliness and Relevance of References,7.5,0.0
Timeliness and Relevance of References,8.25,-0.5
Timeliness and Relevance of References,8.75,-0.5
Timeliness and Relevance of References,8.0,-1.0
Timeliness and Relevance of References,7.75,0.5
Timeliness and Relevance of References,8.0,0.0
Timeliness and Relevance of References,8.399999999999999,0.40000000000000036
Timeliness and Relevance of References,8.25,0.5
Timeliness and Relevance of References,8.0,-1.0
Timeliness and Relevance of References,8.0,0.0
Timeliness and Relevance of References,7.25,0.5
Timeliness and Relevance of References,8.1,-0.6000000000000005
Timeliness and Relevance of References,8.0,0.0
Timeliness and Relevance of References,8.0,0.0
Timeliness and Relevance of References,7.75,0.5
Timeliness and Relevance of References,7.75,0.5
Timeliness and Relevance of References,7.25,0.5
Timeliness and Relevance of References,8.0,-1.0
Timeliness and Relevance of References,8.5,0.0
Timeliness and Relevance of References,8.25,-0.5
Timeliness and Relevance of References,8.0,0.0
Timeliness and Relevance of References,7.5,1.0
Timeliness and Relevance of References,7.25,0.5
Timeliness and Relevance of References,7.25,0.5
Timeliness and Relevance of References,8.0,0.0
Timeliness and Relevance of References,7.25,0.5
Timeliness and Relevance of References,7.5,0.0
Timeliness and Relevance of References,8.0,-1.0
Timeliness and Relevance of References,7.5,0.0
Timeliness and Relevance of References,7.5,0.0
Timeliness and Relevance of References,8.0,0.0
Timeliness and Relevance of References,8.0,-1.0
Timeliness and Relevance of References,7.75,0.5
Timeliness and Relevance of References,9.0,-1.0
Timeliness and Relevance of References,7.75,0.5
Timeliness and Relevance of References,8.0,0.0
Timeliness and Relevance of References,7.75,0.5
Timeliness and Relevance of References,8.0,0.0
Timeliness and Relevance of References,8.25,-0.5
Timeliness and Relevance of References,7.75,0.5
Timeliness and Relevance of References,7.5,1.0
Timeliness and Relevance of References,8.25,-0.5
Timeliness and Relevance of References,8.25,-0.5
Timeliness and Relevance of References,8.0,0.0
Timeliness and Relevance of References,8.0,0.0
Timeliness and Relevance of References,8.75,-0.5
Timeliness and Relevance of References,8.0,-1.0
Timeliness and Relevance of References,8.0,0.0
Timeliness and Relevance of References,8.25,-0.5
Timeliness and Relevance of References,7.0,1.0
Timeliness and Relevance of References,8.5,0.0
Timeliness and Relevance of References,8.0,0.0
Timeliness and Relevance of References,7.75,0.5
Timeliness and Relevance of References,8.0,-1.0
Timeliness and Relevance of References,7.5,-1.0
Timeliness and Relevance of References,8.25,0.5
Timeliness and Relevance of References,7.75,-0.5
Timeliness and Relevance of References,8.0,0.0
Timeliness and Relevance of References,8.0,0.0
Timeliness and Relevance of References,7.75,0.5
Timeliness and Relevance of References,7.5,1.0
Timeliness and Relevance of References,7.75,0.5
Timeliness and Relevance of References,7.5,0.0
Timeliness and Relevance of References,7.75,-0.5
Timeliness and Relevance of References,8.25,-0.5
Timeliness and Relevance of References,8.0,0.0
Timeliness and Relevance of References,8.0,-1.0
Timeliness and Relevance of References,8.75,-0.5
Timeliness and Relevance of References,7.25,0.5
Timeliness and Relevance of References,8.25,-0.5
Timeliness and Relevance of References,7.75,0.5
Timeliness and Relevance of References,8.0,-1.0
Timeliness and Relevance of References,7.0,1.0
Timeliness and Relevance of References,8.0,0.0
Timeliness and Relevance of References,7.75,-0.5
Timeliness and Relevance of References,8.0,0.0
Timeliness and Relevance of References,8.25,-0.5
Timeliness and Relevance of References,8.25,0.5
Timeliness and Relevance of References,8.0,1.0
Timeliness and Relevance of References,8.0,1.0
Timeliness and Relevance of References,8.75,-0.5
Timeliness and Relevance of References,8.0,1.0
Timeliness and Relevance of References,7.75,0.5
Timeliness and Relevance of References,8.0,0.0
Timeliness and Relevance of References,8.0,0.0
Timeliness and Relevance of References,7.85,-0.10000000000000053
Timeliness and Relevance of References,8.0,0.0
Timeliness and Relevance of References,7.75,0.5
Timeliness and Relevance of References,8.25,0.5
Timeliness and Relevance of References,8.25,-0.5
Timeliness and Relevance of References,8.0,0.0
Timeliness and Relevance of References,8.0,1.0
Timeliness and Relevance of References,7.75,0.5
Timeliness and Relevance of References,8.25,-0.5
Timeliness and Relevance of References,8.25,-0.5
Timeliness and Relevance of References,7.5,1.0
Timeliness and Relevance of References,8.25,0.5
Timeliness and Relevance of References,7.75,0.5
Timeliness and Relevance of References,7.0,1.0
Timeliness and Relevance of References,7.5,1.0
Timeliness and Relevance of References,8.25,0.5
Timeliness and Relevance of References,7.75,0.5
Timeliness and Relevance of References,8.0,0.39999999999999947
Timeliness and Relevance of References,8.0,-1.0
Timeliness and Relevance of References,8.0,0.0
Timeliness and Relevance of References,8.0,-1.0
Timeliness and Relevance of References,8.25,0.5
Timeliness and Relevance of References,8.0,0.0
Timeliness and Relevance of References,7.75,0.5
Timeliness and Relevance of References,7.0,1.0
Timeliness and Relevance of References,7.5,0.0
Timeliness and Relevance of References,7.5,0.0
Timeliness and Relevance of References,8.25,0.5
Timeliness and Relevance of References,8.0,-1.0
Timeliness and Relevance of References,8.25,0.5
Timeliness and Relevance of References,8.0,0.0
Timeliness and Relevance of References,8.0,0.0
Timeliness and Relevance of References,7.25,-1.5
Timeliness and Relevance of References,8.0,0.0
Timeliness and Relevance of References,7.5,0.0
Timeliness and Relevance of References,7.5,1.0
Timeliness and Relevance of References,7.25,0.5
Timeliness and Relevance of References,7.5,0.0
Timeliness and Relevance of References,7.5,0.0
Timeliness and Relevance of References,8.0,1.0
Timeliness and Relevance of References,7.75,0.5
Timeliness and Relevance of References,8.0,0.0
Timeliness and Relevance of References,7.75,0.5
Timeliness and Relevance of References,7.75,-0.5
Timeliness and Relevance of References,8.25,-0.5
Timeliness and Relevance of References,8.0,0.0
Timeliness and Relevance of References,7.75,0.5
Timeliness and Relevance of References,8.5,-1.0
Timeliness and Relevance of References,7.75,-1.5
Timeliness and Relevance of References,8.0,-1.0
Timeliness and Relevance of References,8.0,1.0
Timeliness and Relevance of References,8.0,0.0
Timeliness and Relevance of References,8.0,0.0
Timeliness and Relevance of References,8.0,0.0
Timeliness and Relevance of References,7.75,-0.5
Timeliness and Relevance of References,8.5,0.0
Timeliness and Relevance of References,8.0,-1.0
Timeliness and Relevance of References,7.5,0.0
Timeliness and Relevance of References,7.9,-0.20000000000000018
Timeliness and Relevance of References,8.0,0.0
Timeliness and Relevance of References,7.5,0.0
Timeliness and Relevance of References,8.25,-0.5
Timeliness and Relevance of References,8.0,0.0
Timeliness and Relevance of References,7.75,0.5
Timeliness and Relevance of References,7.25,0.5
Timeliness and Relevance of References,8.75,-0.5
Timeliness and Relevance of References,8.25,-0.5
Timeliness and Relevance of References,7.5,0.0
Timeliness and Relevance of References,7.75,-1.5
Timeliness and Relevance of References,7.75,-0.5
Timeliness and Relevance of References,8.5,0.0
Timeliness and Relevance of References,8.0,1.0
Timeliness and Relevance of References,8.0,-1.0
Timeliness and Relevance of References,8.0,0.0
Timeliness and Relevance of References,7.5,1.0
Timeliness and Relevance of References,8.0,0.0
Timeliness and Relevance of References,8.0,0.0
Timeliness and Relevance of References,8.0,0.0
Timeliness and Relevance of References,7.75,-0.5
Timeliness and Relevance of References,7.75,-0.5
Timeliness and Relevance of References,8.25,-0.5
Timeliness and Relevance of References,8.75,-0.5
Timeliness and Relevance of References,8.5,-1.0
Timeliness and Relevance of References,8.0,1.0
Timeliness and Relevance of References,8.0,-1.0
Timeliness and Relevance of References,8.0,-1.0
Timeliness and Relevance of References,8.0,0.0
Timeliness and Relevance of References,8.25,0.5
Timeliness and Relevance of References,8.0,0.0
Timeliness and Relevance of References,8.0,0.0
Timeliness and Relevance of References,8.25,-0.5
Timeliness and Relevance of References,8.0,0.0
Timeliness and Relevance of References,7.75,0.5
Timeliness and Relevance of References,8.25,0.5
Timeliness and Relevance of References,7.25,0.5
Timeliness and Relevance of References,8.0,0.0
Timeliness and Relevance of References,8.0,-1.0
Timeliness and Relevance of References,7.5,-1.0
Timeliness and Relevance of References,8.0,1.0
Timeliness and Relevance of References,8.25,0.5
Timeliness and Relevance of References,7.949999999999999,0.4999999999999991
Timeliness and Relevance of References,7.5,0.0
Timeliness and Relevance of References,8.0,0.0
Timeliness and Relevance of References,8.0,-1.0
Timeliness and Relevance of References,8.0,1.0
Timeliness and Relevance of References,8.0,-1.0
Timeliness and Relevance of References,8.0,0.0
Timeliness and Relevance of References,8.25,-0.5
Timeliness and Relevance of References,8.0,-1.0
Timeliness and Relevance of References,8.25,0.5
Timeliness and Relevance of References,8.0,0.0
Timeliness and Relevance of References,8.75,-0.5
Timeliness and Relevance of References,8.5,0.0
Timeliness and Relevance of References,8.0,0.0
Timeliness and Relevance of References,8.25,-0.5
Timeliness and Relevance of References,8.25,-0.5
Timeliness and Relevance of References,7.5,1.0
Timeliness and Relevance of References,8.25,0.5
Timeliness and Relevance of References,8.0,0.0
Timeliness and Relevance of References,8.0,-1.0
Timeliness and Relevance of References,8.0,0.0
Timeliness and Relevance of References,8.0,0.0
Timeliness and Relevance of References,8.0,0.0
Timeliness and Relevance of References,8.0,0.0
Timeliness and Relevance of References,7.75,0.5
Timeliness and Relevance of References,8.0,-1.0
Timeliness and Relevance of References,7.75,0.5
Timeliness and Relevance of References,8.0,0.0
Timeliness and Relevance of References,7.0,0.0
Timeliness and Relevance of References,7.5,0.0
Timeliness and Relevance of References,7.5,0.0
Timeliness and Relevance of References,8.5,0.0
Timeliness and Relevance of References,8.0,-1.0
Timeliness and Relevance of References,7.75,0.5
Timeliness and Relevance of References,8.0,0.0
Timeliness and Relevance of References,8.0,-1.0
Timeliness and Relevance of References,8.0,0.0
Timeliness and Relevance of References,7.75,0.5
Timeliness and Relevance of References,8.0,0.0
Timeliness and Relevance of References,8.0,0.0
Timeliness and Relevance of References,8.25,-0.5
Timeliness and Relevance of References,8.25,0.5
Timeliness and Relevance of References,7.75,0.5
Timeliness and Relevance of References,7.75,0.5
Timeliness and Relevance of References,8.25,-0.5
Timeliness and Relevance of References,8.0,0.0
Timeliness and Relevance of References,8.25,0.5
Timeliness and Relevance of References,7.75,-0.5
Timeliness and Relevance of References,7.5,0.0
Timeliness and Relevance of References,8.25,0.5
Timeliness and Relevance of References,7.5,0.0
Timeliness and Relevance of References,8.25,0.5
Timeliness and Relevance of References,7.75,0.5
Timeliness and Relevance of References,7.75,-0.5
Timeliness and Relevance of References,8.0,0.0
Timeliness and Relevance of References,8.25,-0.5
Timeliness and Relevance of References,8.0,0.0
Timeliness and Relevance of References,7.75,0.5
Timeliness and Relevance of References,8.0,1.0
Timeliness and Relevance of References,7.5,0.0
Timeliness and Relevance of References,8.25,0.5
Timeliness and Relevance of References,8.25,0.5
Timeliness and Relevance of References,7.5,0.0
Timeliness and Relevance of References,8.0,0.0
Timeliness and Relevance of References,8.0,0.0
Timeliness and Relevance of References,7.5,1.0
Timeliness and Relevance of References,8.0,0.0
Timeliness and Relevance of References,8.0,0.0
Timeliness and Relevance of References,7.75,0.5
Timeliness and Relevance of References,8.0,0.0
Timeliness and Relevance of References,7.5,1.0
Timeliness and Relevance of References,7.25,0.5
Timeliness and Relevance of References,7.75,0.5
Timeliness and Relevance of References,8.0,0.0
Timeliness and Relevance of References,7.5,1.0
Timeliness and Relevance of References,7.75,0.5
Timeliness and Relevance of References,7.75,0.5
Timeliness and Relevance of References,7.75,0.5
Timeliness and Relevance of References,8.0,0.0
Timeliness and Relevance of References,8.25,-0.5
Timeliness and Relevance of References,8.0,-1.0
Timeliness and Relevance of References,7.25,0.5
Timeliness and Relevance of References,7.75,0.5
Timeliness and Relevance of References,8.0,0.0
Timeliness and Relevance of References,8.0,0.0
Timeliness and Relevance of References,8.0,-1.0
Timeliness and Relevance of References,8.0,0.0
Timeliness and Relevance of References,8.25,-0.5
Timeliness and Relevance of References,7.75,0.5
Timeliness and Relevance of References,8.0,-1.0
Timeliness and Relevance of References,7.5,1.0
Timeliness and Relevance of References,8.25,-0.5
Timeliness and Relevance of References,8.25,0.5
Timeliness and Relevance of References,8.5,0.0
Timeliness and Relevance of References,7.5,0.0
Timeliness and Relevance of References,8.5,0.0
Timeliness and Relevance of References,7.5,1.0
Timeliness and Relevance of References,7.75,0.5
Timeliness and Relevance of References,8.25,0.5
Timeliness and Relevance of References,8.0,0.0
Timeliness and Relevance of References,8.0,-1.0
Timeliness and Relevance of References,7.75,0.5
Timeliness and Relevance of References,8.5,-1.0
Timeliness and Relevance of References,8.0,-1.0
Timeliness and Relevance of References,7.75,-0.5
Timeliness and Relevance of References,7.0,1.0
Timeliness and Relevance of References,7.75,-0.5
Timeliness and Relevance of References,8.25,-0.5
Timeliness and Relevance of References,8.0,0.0
Timeliness and Relevance of References,8.0,0.0
Timeliness and Relevance of References,7.75,0.5
Timeliness and Relevance of References,7.25,0.5
Timeliness and Relevance of References,8.25,-0.5
Timeliness and Relevance of References,8.25,0.5
Timeliness and Relevance of References,7.5,1.0
Timeliness and Relevance of References,7.75,0.5
Timeliness and Relevance of References,8.25,0.5
Timeliness and Relevance of References,7.5,1.0
Timeliness and Relevance of References,8.25,-0.5
Timeliness and Relevance of References,8.0,0.0
Timeliness and Relevance of References,8.0,0.0
Timeliness and Relevance of References,8.25,-0.5
Timeliness and Relevance of References,7.75,0.5
Timeliness and Relevance of References,7.25,0.5
Timeliness and Relevance of References,7.75,-0.5
Timeliness and Relevance of References,7.75,0.5
Timeliness and Relevance of References,8.0,0.0
Timeliness and Relevance of References,7.75,-0.5
Timeliness and Relevance of References,8.0,0.0
Timeliness and Relevance of References,7.75,0.5
Timeliness and Relevance of References,8.5,-1.0
Timeliness and Relevance of References,7.5,1.0
Timeliness and Relevance of References,7.5,0.0
Timeliness and Relevance of References,7.25,0.5
Timeliness and Relevance of References,7.5,0.0
Timeliness and Relevance of References,8.25,-0.5
Timeliness and Relevance of References,7.5,1.0
Timeliness and Relevance of References,7.5,1.0
Timeliness and Relevance of References,8.0,-1.0
Timeliness and Relevance of References,8.0,0.0
Timeliness and Relevance of References,8.0,1.0
Timeliness and Relevance of References,8.5,0.0
Timeliness and Relevance of References,7.5,0.0
Timeliness and Relevance of References,8.850000000000001,0.09999999999999964
Timeliness and Relevance of References,8.25,0.5
Timeliness and Relevance of References,8.0,0.0
Timeliness and Relevance of References,8.3,-0.20000000000000107
Timeliness and Relevance of References,7.0,1.0
Timeliness and Relevance of References,8.25,-0.5
Timeliness and Relevance of References,8.0,-1.0
Timeliness and Relevance of References,8.0,0.0
Timeliness and Relevance of References,7.5,1.0
Timeliness and Relevance of References,7.5,1.0
Timeliness and Relevance of References,7.5,0.0
Timeliness and Relevance of References,8.25,-0.5
Timeliness and Relevance of References,8.0,0.0
Timeliness and Relevance of References,8.25,-0.5
Timeliness and Relevance of References,8.25,-0.5
Timeliness and Relevance of References,7.75,-0.5
Timeliness and Relevance of References,8.25,-0.5
Timeliness and Relevance of References,7.75,0.5
Timeliness and Relevance of References,8.0,1.0
Timeliness and Relevance of References,8.75,-0.5
Timeliness and Relevance of References,8.0,0.0
Timeliness and Relevance of References,7.75,-0.5
Timeliness and Relevance of References,8.0,0.0
Timeliness and Relevance of References,8.0,0.0
Timeliness and Relevance of References,7.5,1.0
Timeliness and Relevance of References,8.0,0.0
Timeliness and Relevance of References,7.25,0.5
Timeliness and Relevance of References,8.0,0.0
Timeliness and Relevance of References,7.5,1.0
Timeliness and Relevance of References,8.0,0.0
Timeliness and Relevance of References,8.0,0.0
Timeliness and Relevance of References,8.25,-0.5
Timeliness and Relevance of References,8.0,0.0
Timeliness and Relevance of References,7.0,1.0
Timeliness and Relevance of References,8.5,0.0
Timeliness and Relevance of References,7.5,0.0
Timeliness and Relevance of References,6.5,-1.0
Timeliness and Relevance of References,7.75,0.5
Timeliness and Relevance of References,7.75,-0.5
Timeliness and Relevance of References,7.5,0.0
Timeliness and Relevance of References,8.0,0.0
Timeliness and Relevance of References,7.25,1.5
Timeliness and Relevance of References,7.5,0.0
Timeliness and Relevance of References,8.5,0.0
Timeliness and Relevance of References,7.75,0.5
Timeliness and Relevance of References,8.25,-0.5
Timeliness and Relevance of References,7.5,0.0
Timeliness and Relevance of References,8.0,-1.0
Timeliness and Relevance of References,8.25,0.5
Timeliness and Relevance of References,7.75,0.5
Timeliness and Relevance of References,8.0,0.0
Timeliness and Relevance of References,7.5,0.0
Timeliness and Relevance of References,7.75,-0.5
Timeliness and Relevance of References,8.0,0.0
Timeliness and Relevance of References,8.0,0.0
Timeliness and Relevance of References,8.5,-1.0
Timeliness and Relevance of References,8.0,0.0
Timeliness and Relevance of References,8.0,0.0
Timeliness and Relevance of References,7.25,0.5
Timeliness and Relevance of References,8.0,0.0
Timeliness and Relevance of References,7.75,0.5
Timeliness and Relevance of References,8.5,-1.0
Timeliness and Relevance of References,8.0,0.0
Timeliness and Relevance of References,7.5,1.0
Timeliness and Relevance of References,8.25,0.5
Timeliness and Relevance of References,8.0,-1.0
Timeliness and Relevance of References,7.75,0.5
Timeliness and Relevance of References,8.0,-1.0
Timeliness and Relevance of References,7.5,0.0
Timeliness and Relevance of References,8.5,0.0
Timeliness and Relevance of References,8.0,-1.0
Timeliness and Relevance of References,8.25,-0.5
Timeliness and Relevance of References,7.5,1.0
Timeliness and Relevance of References,8.25,0.5
Timeliness and Relevance of References,8.0,0.0
Timeliness and Relevance of References,8.0,-1.0
Timeliness and Relevance of References,8.0,0.0
Timeliness and Relevance of References,8.5,0.0
Timeliness and Relevance of References,8.0,0.0
Timeliness and Relevance of References,8.25,-0.5
Timeliness and Relevance of References,8.25,-0.5
Timeliness and Relevance of References,8.5,0.0
Timeliness and Relevance of References,8.5,0.0
Timeliness and Relevance of References,7.0,0.0
Timeliness and Relevance of References,7.5,1.0
Timeliness and Relevance of References,8.0,0.0
Timeliness and Relevance of References,8.25,-0.5
Timeliness and Relevance of References,7.75,0.5
Timeliness and Relevance of References,8.25,0.5
Timeliness and Relevance of References,7.75,0.5
Timeliness and Relevance of References,7.25,0.5
Timeliness and Relevance of References,8.0,0.0
Timeliness and Relevance of References,7.75,-0.5
Timeliness and Relevance of References,7.0,1.0
Timeliness and Relevance of References,7.75,0.5
Timeliness and Relevance of References,8.0,-1.0
Timeliness and Relevance of References,8.25,-0.5
Timeliness and Relevance of References,8.25,-0.5
Timeliness and Relevance of References,8.25,0.5
Timeliness and Relevance of References,7.25,-0.5
Timeliness and Relevance of References,7.75,0.5
Timeliness and Relevance of References,7.3,0.5999999999999996
Timeliness and Relevance of References,8.5,-1.0
Timeliness and Relevance of References,8.0,-1.0
Timeliness and Relevance of References,7.75,-0.5
Timeliness and Relevance of References,7.75,0.5
Timeliness and Relevance of References,7.25,-0.5
Timeliness and Relevance of References,7.25,0.5
Timeliness and Relevance of References,7.5,1.0
Avoidance of Plagiarism and Appropriate Citation,7.0,0.0
Avoidance of Plagiarism and Appropriate Citation,7.0,0.0
Avoidance of Plagiarism and Appropriate Citation,7.0,0.0
Avoidance of Plagiarism and Appropriate Citation,7.2,0.0
Avoidance of Plagiarism and Appropriate Citation,7.25,0.5
Avoidance of Plagiarism and Appropriate Citation,6.95,0.09999999999999964
Avoidance of Plagiarism and Appropriate Citation,6.5,1.0
Avoidance of Plagiarism and Appropriate Citation,7.25,0.5
Avoidance of Plagiarism and Appropriate Citation,6.75,0.5
Avoidance of Plagiarism and Appropriate Citation,7.0,0.0
Avoidance of Plagiarism and Appropriate Citation,7.0,0.0
Avoidance of Plagiarism and Appropriate Citation,7.0,0.0
Avoidance of Plagiarism and Appropriate Citation,7.25,-0.5
Avoidance of Plagiarism and Appropriate Citation,6.75,0.5
Avoidance of Plagiarism and Appropriate Citation,8.75,-0.5
Avoidance of Plagiarism and Appropriate Citation,7.0,0.0
Avoidance of Plagiarism and Appropriate Citation,6.75,0.5
Avoidance of Plagiarism and Appropriate Citation,7.5,0.0
Avoidance of Plagiarism and Appropriate Citation,7.0,0.0
Avoidance of Plagiarism and Appropriate Citation,7.0,0.0
Avoidance of Plagiarism and Appropriate Citation,7.5,0.0
Avoidance of Plagiarism and Appropriate Citation,7.5,0.0
Avoidance of Plagiarism and Appropriate Citation,8.0,-1.0
Avoidance of Plagiarism and Appropriate Citation,7.0,0.0
Avoidance of Plagiarism and Appropriate Citation,6.75,0.5
Avoidance of Plagiarism and Appropriate Citation,6.75,0.5
Avoidance of Plagiarism and Appropriate Citation,7.0,0.0
Avoidance of Plagiarism and Appropriate Citation,6.75,0.5
Avoidance of Plagiarism and Appropriate Citation,8.0,-1.0
Avoidance of Plagiarism and Appropriate Citation,7.0,0.0
Avoidance of Plagiarism and Appropriate Citation,7.5,0.0
Avoidance of Plagiarism and Appropriate Citation,7.5,0.0
Avoidance of Plagiarism and Appropriate Citation,7.75,-0.5
Avoidance of Plagiarism and Appropriate Citation,7.0,0.0
Avoidance of Plagiarism and Appropriate Citation,6.5,1.0
Avoidance of Plagiarism and Appropriate Citation,6.75,0.5
Avoidance of Plagiarism and Appropriate Citation,7.0,0.0
Avoidance of Plagiarism and Appropriate Citation,7.5,0.0
Avoidance of Plagiarism and Appropriate Citation,7.5,0.0
Avoidance of Plagiarism and Appropriate Citation,7.0,0.0
Avoidance of Plagiarism and Appropriate Citation,8.75,-0.5
Avoidance of Plagiarism and Appropriate Citation,7.0,0.0
Avoidance of Plagiarism and Appropriate Citation,8.0,0.0
Avoidance of Plagiarism and Appropriate Citation,6.75,0.5
Avoidance of Plagiarism and Appropriate Citation,7.5,0.0
Avoidance of Plagiarism and Appropriate Citation,7.0,0.0
Avoidance of Plagiarism and Appropriate Citation,7.0,0.0
Avoidance of Plagiarism and Appropriate Citation,7.0,0.0
Avoidance of Plagiarism and Appropriate Citation,7.5,0.0
Avoidance of Plagiarism and Appropriate Citation,7.0,0.0
Avoidance of Plagiarism and Appropriate Citation,7.75,-0.5
Avoidance of Plagiarism and Appropriate Citation,7.0,0.0
Avoidance of Plagiarism and Appropriate Citation,7.0,0.0
Avoidance of Plagiarism and Appropriate Citation,7.0,0.0
Avoidance of Plagiarism and Appropriate Citation,7.0,0.0
Avoidance of Plagiarism and Appropriate Citation,8.25,-0.5
Avoidance of Plagiarism and Appropriate Citation,8.0,-1.0
Avoidance of Plagiarism and Appropriate Citation,7.75,0.5
Avoidance of Plagiarism and Appropriate Citation,7.75,-0.5
Avoidance of Plagiarism and Appropriate Citation,7.75,-0.5
Avoidance of Plagiarism and Appropriate Citation,7.0,0.0
Avoidance of Plagiarism and Appropriate Citation,7.5,0.0
Avoidance of Plagiarism and Appropriate Citation,6.75,0.5
Avoidance of Plagiarism and Appropriate Citation,7.75,-0.5
Avoidance of Plagiarism and Appropriate Citation,7.5,0.0
Avoidance of Plagiarism and Appropriate Citation,6.75,0.5
Avoidance of Plagiarism and Appropriate Citation,8.25,-0.5
Avoidance of Plagiarism and Appropriate Citation,8.5,0.0
Avoidance of Plagiarism and Appropriate Citation,6.75,0.5
Avoidance of Plagiarism and Appropriate Citation,7.0,1.0
Avoidance of Plagiarism and Appropriate Citation,8.0,0.0
Avoidance of Plagiarism and Appropriate Citation,8.5,0.0
Avoidance of Plagiarism and Appropriate Citation,6.75,0.5
Avoidance of Plagiarism and Appropriate Citation,7.5,0.0
Avoidance of Plagiarism and Appropriate Citation,7.5,0.0
Avoidance of Plagiarism and Appropriate Citation,7.75,-0.5
Avoidance of Plagiarism and Appropriate Citation,7.5,0.0
Avoidance of Plagiarism and Appropriate Citation,6.75,0.5
Avoidance of Plagiarism and Appropriate Citation,7.25,0.5
Avoidance of Plagiarism and Appropriate Citation,7.0,0.0
Avoidance of Plagiarism and Appropriate Citation,6.5,1.0
Avoidance of Plagiarism and Appropriate Citation,7.75,-0.5
Avoidance of Plagiarism and Appropriate Citation,7.5,0.0
Avoidance of Plagiarism and Appropriate Citation,7.5,0.0
Avoidance of Plagiarism and Appropriate Citation,7.5,0.0
Avoidance of Plagiarism and Appropriate Citation,7.0,0.0
Avoidance of Plagiarism and Appropriate Citation,6.75,0.5
Avoidance of Plagiarism and Appropriate Citation,6.75,0.5
Avoidance of Plagiarism and Appropriate Citation,7.0,0.0
Avoidance of Plagiarism and Appropriate Citation,7.0,0.0
Avoidance of Plagiarism and Appropriate Citation,7.25,0.5
Avoidance of Plagiarism and Appropriate Citation,7.5,0.0
Avoidance of Plagiarism and Appropriate Citation,7.0,0.0
Avoidance of Plagiarism and Appropriate Citation,8.25,-0.5
Avoidance of Plagiarism and Appropriate Citation,7.5,0.0
Avoidance of Plagiarism and Appropriate Citation,7.5,0.0
Avoidance of Plagiarism and Appropriate Citation,7.0,0.0
Avoidance of Plagiarism and Appropriate Citation,7.25,-0.5
Avoidance of Plagiarism and Appropriate Citation,7.050000000000001,0.2999999999999998
Avoidance of Plagiarism and Appropriate Citation,7.0,0.0
Avoidance of Plagiarism and Appropriate Citation,7.75,-0.5
Avoidance of Plagiarism and Appropriate Citation,7.5,0.0
Avoidance of Plagiarism and Appropriate Citation,7.0,1.0
Avoidance of Plagiarism and Appropriate Citation,7.5,0.0
Avoidance of Plagiarism and Appropriate Citation,7.75,-0.5
Avoidance of Plagiarism and Appropriate Citation,7.5,0.0
Avoidance of Plagiarism and Appropriate Citation,7.5,0.0
Avoidance of Plagiarism and Appropriate Citation,6.75,0.5
Avoidance of Plagiarism and Appropriate Citation,7.5,0.0
Avoidance of Plagiarism and Appropriate Citation,7.5,-1.0
Avoidance of Plagiarism and Appropriate Citation,7.15,0.10000000000000053
Avoidance of Plagiarism and Appropriate Citation,6.75,0.5
Avoidance of Plagiarism and Appropriate Citation,7.0,0.0
Avoidance of Plagiarism and Appropriate Citation,7.5,0.0
Avoidance of Plagiarism and Appropriate Citation,7.75,-0.5
Avoidance of Plagiarism and Appropriate Citation,8.25,-0.5
Avoidance of Plagiarism and Appropriate Citation,7.75,-0.5
Avoidance of Plagiarism and Appropriate Citation,7.25,0.5
Avoidance of Plagiarism and Appropriate Citation,7.0,0.0
Avoidance of Plagiarism and Appropriate Citation,7.0,0.40000000000000036
Avoidance of Plagiarism and Appropriate Citation,7.75,0.5
Avoidance of Plagiarism and Appropriate Citation,7.75,-0.5
Avoidance of Plagiarism and Appropriate Citation,7.0,0.0
Avoidance of Plagiarism and Appropriate Citation,6.75,0.5
Avoidance of Plagiarism and Appropriate Citation,7.5,0.0
Avoidance of Plagiarism and Appropriate Citation,7.0,0.0
Avoidance of Plagiarism and Appropriate Citation,7.0,0.0
Avoidance of Plagiarism and Appropriate Citation,6.75,0.5
Avoidance of Plagiarism and Appropriate Citation,6.75,0.5
Avoidance of Plagiarism and Appropriate Citation,6.75,0.5
Avoidance of Plagiarism and Appropriate Citation,8.0,-1.0
Avoidance of Plagiarism and Appropriate Citation,7.5,0.0
Avoidance of Plagiarism and Appropriate Citation,7.75,-0.5
Avoidance of Plagiarism and Appropriate Citation,8.0,0.0
Avoidance of Plagiarism and Appropriate Citation,6.5,1.0
Avoidance of Plagiarism and Appropriate Citation,6.75,0.5
Avoidance of Plagiarism and Appropriate Citation,6.75,0.5
Avoidance of Plagiarism and Appropriate Citation,7.0,0.0
Avoidance of Plagiarism and Appropriate Citation,6.75,0.5
Avoidance of Plagiarism and Appropriate Citation,7.5,0.0
Avoidance of Plagiarism and Appropriate Citation,7.5,-1.0
Avoidance of Plagiarism and Appropriate Citation,7.0,0.0
Avoidance of Plagiarism and Appropriate Citation,7.5,0.0
Avoidance of Plagiarism and Appropriate Citation,6.75,0.5
Avoidance of Plagiarism and Appropriate Citation,8.25,-0.5
Avoidance of Plagiarism and Appropriate Citation,7.0,0.0
Avoidance of Plagiarism and Appropriate Citation,9.0,0.0
Avoidance of Plagiarism and Appropriate Citation,7.5,0.0
Avoidance of Plagiarism and Appropriate Citation,7.25,-0.5
Avoidance of Plagiarism and Appropriate Citation,7.75,0.5
Avoidance of Plagiarism and Appropriate Citation,7.75,-0.5
Avoidance of Plagiarism and Appropriate Citation,8.25,-0.5
Avoidance of Plagiarism and Appropriate Citation,7.5,0.0
Avoidance of Plagiarism and Appropriate Citation,6.5,1.0
Avoidance of Plagiarism and Appropriate Citation,8.25,-0.5
Avoidance of Plagiarism and Appropriate Citation,7.75,-0.5
Avoidance of Plagiarism and Appropriate Citation,7.5,0.0
Avoidance of Plagiarism and Appropriate Citation,7.75,-0.5
Avoidance of Plagiarism and Appropriate Citation,7.75,-0.5
Avoidance of Plagiarism and Appropriate Citation,8.0,0.0
Avoidance of Plagiarism and Appropriate Citation,6.75,0.5
Avoidance of Plagiarism and Appropriate Citation,7.25,-0.5
Avoidance of Plagiarism and Appropriate Citation,8.25,0.5
Avoidance of Plagiarism and Appropriate Citation,7.5,0.0
Avoidance of Plagiarism and Appropriate Citation,7.5,0.0
Avoidance of Plagiarism and Appropriate Citation,7.25,0.5
Avoidance of Plagiarism and Appropriate Citation,7.25,-0.5
Avoidance of Plagiarism and Appropriate Citation,7.0,0.0
Avoidance of Plagiarism and Appropriate Citation,7.25,0.5
Avoidance of Plagiarism and Appropriate Citation,7.0,0.0
Avoidance of Plagiarism and Appropriate Citation,6.75,0.5
Avoidance of Plagiarism and Appropriate Citation,7.5,0.0
Avoidance of Plagiarism and Appropriate Citation,7.25,0.5
Avoidance of Plagiarism and Appropriate Citation,7.5,0.0
Avoidance of Plagiarism and Appropriate Citation,6.75,0.5
Avoidance of Plagiarism and Appropriate Citation,7.5,0.0
Avoidance of Plagiarism and Appropriate Citation,7.75,-0.5
Avoidance of Plagiarism and Appropriate Citation,7.25,-0.5
Avoidance of Plagiarism and Appropriate Citation,7.0,0.0
Avoidance of Plagiarism and Appropriate Citation,8.0,0.0
Avoidance of Plagiarism and Appropriate Citation,7.5,0.0
Avoidance of Plagiarism and Appropriate Citation,6.75,0.5
Avoidance of Plagiarism and Appropriate Citation,7.75,-0.5
Avoidance of Plagiarism and Appropriate Citation,7.5,0.0
Avoidance of Plagiarism and Appropriate Citation,7.25,-0.5
Avoidance of Plagiarism and Appropriate Citation,6.5,1.0
Avoidance of Plagiarism and Appropriate Citation,7.0,0.0
Avoidance of Plagiarism and Appropriate Citation,7.25,-0.5
Avoidance of Plagiarism and Appropriate Citation,7.0,0.0
Avoidance of Plagiarism and Appropriate Citation,7.5,0.0
Avoidance of Plagiarism and Appropriate Citation,7.75,0.5
Avoidance of Plagiarism and Appropriate Citation,6.75,0.5
Avoidance of Plagiarism and Appropriate Citation,7.25,0.5
Avoidance of Plagiarism and Appropriate Citation,7.75,-0.5
Avoidance of Plagiarism and Appropriate Citation,7.25,0.5
Avoidance of Plagiarism and Appropriate Citation,7.75,0.5
Avoidance of Plagiarism and Appropriate Citation,7.5,0.0
Avoidance of Plagiarism and Appropriate Citation,7.0,0.0
Avoidance of Plagiarism and Appropriate Citation,7.05,-0.09999999999999964
Avoidance of Plagiarism and Appropriate Citation,7.25,-0.5
Avoidance of Plagiarism and Appropriate Citation,8.0,0.0
Avoidance of Plagiarism and Appropriate Citation,6.75,0.5
Avoidance of Plagiarism and Appropriate Citation,7.75,-0.5
Avoidance of Plagiarism and Appropriate Citation,7.0,0.0
Avoidance of Plagiarism and Appropriate Citation,7.5,0.0
Avoidance of Plagiarism and Appropriate Citation,7.75,0.5
Avoidance of Plagiarism and Appropriate Citation,7.25,-0.5
Avoidance of Plagiarism and Appropriate Citation,7.25,-0.5
Avoidance of Plagiarism and Appropriate Citation,6.5,1.0
Avoidance of Plagiarism and Appropriate Citation,7.25,0.5
Avoidance of Plagiarism and Appropriate Citation,6.75,0.5
Avoidance of Plagiarism and Appropriate Citation,7.0,0.0
Avoidance of Plagiarism and Appropriate Citation,6.5,1.0
Avoidance of Plagiarism and Appropriate Citation,6.75,0.5
Avoidance of Plagiarism and Appropriate Citation,7.5,0.0
Avoidance of Plagiarism and Appropriate Citation,6.9,0.20000000000000018
Avoidance of Plagiarism and Appropriate Citation,8.75,-0.5
Avoidance of Plagiarism and Appropriate Citation,7.0,0.0
Avoidance of Plagiarism and Appropriate Citation,8.75,-0.5
Avoidance of Plagiarism and Appropriate Citation,8.0,0.0
Avoidance of Plagiarism and Appropriate Citation,6.75,0.5
Avoidance of Plagiarism and Appropriate Citation,8.25,0.5
Avoidance of Plagiarism and Appropriate Citation,8.0,0.0
Avoidance of Plagiarism and Appropriate Citation,7.5,0.0
Avoidance of Plagiarism and Appropriate Citation,7.5,0.0
Avoidance of Plagiarism and Appropriate Citation,7.25,0.5
Avoidance of Plagiarism and Appropriate Citation,7.75,-0.5
Avoidance of Plagiarism and Appropriate Citation,7.75,0.5
Avoidance of Plagiarism and Appropriate Citation,7.0,0.0
Avoidance of Plagiarism and Appropriate Citation,7.0,0.0
Avoidance of Plagiarism and Appropriate Citation,8.0,-1.0
Avoidance of Plagiarism and Appropriate Citation,7.0,0.0
Avoidance of Plagiarism and Appropriate Citation,7.0,0.0
Avoidance of Plagiarism and Appropriate Citation,7.25,0.5
Avoidance of Plagiarism and Appropriate Citation,6.75,0.5
Avoidance of Plagiarism and Appropriate Citation,7.5,0.0
Avoidance of Plagiarism and Appropriate Citation,7.0,0.0
Avoidance of Plagiarism and Appropriate Citation,7.0,1.0
Avoidance of Plagiarism and Appropriate Citation,7.25,0.5
Avoidance of Plagiarism and Appropriate Citation,6.75,0.5
Avoidance of Plagiarism and Appropriate Citation,6.75,0.5
Avoidance of Plagiarism and Appropriate Citation,8.25,-0.5
Avoidance of Plagiarism and Appropriate Citation,7.75,-0.5
Avoidance of Plagiarism and Appropriate Citation,7.0,0.0
Avoidance of Plagiarism and Appropriate Citation,7.25,0.5
Avoidance of Plagiarism and Appropriate Citation,9.0,-1.0
Avoidance of Plagiarism and Appropriate Citation,7.75,-0.5
Avoidance of Plagiarism and Appropriate Citation,8.0,0.0
Avoidance of Plagiarism and Appropriate Citation,7.0,1.0
Avoidance of Plagiarism and Appropriate Citation,7.0,0.0
Avoidance of Plagiarism and Appropriate Citation,7.0,0.0
Avoidance of Plagiarism and Appropriate Citation,7.0,0.0
Avoidance of Plagiarism and Appropriate Citation,7.5,0.0
Avoidance of Plagiarism and Appropriate Citation,7.5,0.0
Avoidance of Plagiarism and Appropriate Citation,8.75,-0.5
Avoidance of Plagiarism and Appropriate Citation,7.0,0.0
Avoidance of Plagiarism and Appropriate Citation,7.75,-0.5
Avoidance of Plagiarism and Appropriate Citation,7.0,0.0
Avoidance of Plagiarism and Appropriate Citation,7.5,0.0
Avoidance of Plagiarism and Appropriate Citation,8.75,-0.5
Avoidance of Plagiarism and Appropriate Citation,7.0,0.0
Avoidance of Plagiarism and Appropriate Citation,8.25,0.5
Avoidance of Plagiarism and Appropriate Citation,6.75,0.5
Avoidance of Plagiarism and Appropriate Citation,8.25,-0.5
Avoidance of Plagiarism and Appropriate Citation,7.75,-0.5
Avoidance of Plagiarism and Appropriate Citation,7.0,0.0
Avoidance of Plagiarism and Appropriate Citation,8.25,-0.5
Avoidance of Plagiarism and Appropriate Citation,7.75,-0.5
Avoidance of Plagiarism and Appropriate Citation,7.5,0.0
Avoidance of Plagiarism and Appropriate Citation,6.75,0.5
Avoidance of Plagiarism and Appropriate Citation,8.0,0.0
Avoidance of Plagiarism and Appropriate Citation,7.5,0.0
Avoidance of Plagiarism and Appropriate Citation,6.5,1.0
Avoidance of Plagiarism and Appropriate Citation,7.0,0.0
Avoidance of Plagiarism and Appropriate Citation,7.5,0.0
Avoidance of Plagiarism and Appropriate Citation,7.5,0.0
Avoidance of Plagiarism and Appropriate Citation,8.0,0.0
Avoidance of Plagiarism and Appropriate Citation,7.25,-0.5
Avoidance of Plagiarism and Appropriate Citation,7.75,-0.5
Avoidance of Plagiarism and Appropriate Citation,7.75,0.5
Avoidance of Plagiarism and Appropriate Citation,8.25,-0.5
Avoidance of Plagiarism and Appropriate Citation,7.0,1.0
Avoidance of Plagiarism and Appropriate Citation,7.5,0.0
Avoidance of Plagiarism and Appropriate Citation,7.25,-0.5
Avoidance of Plagiarism and Appropriate Citation,7.5,0.0
Avoidance of Plagiarism and Appropriate Citation,6.75,0.5
Avoidance of Plagiarism and Appropriate Citation,6.5,1.0
Avoidance of Plagiarism and Appropriate Citation,7.0,0.0
Avoidance of Plagiarism and Appropriate Citation,7.75,-0.5
Avoidance of Plagiarism and Appropriate Citation,8.5,0.0
Avoidance of Plagiarism and Appropriate Citation,7.5,0.0
Avoidance of Plagiarism and Appropriate Citation,6.75,0.5
Avoidance of Plagiarism and Appropriate Citation,6.75,0.5
Avoidance of Plagiarism and Appropriate Citation,7.5,0.0
Avoidance of Plagiarism and Appropriate Citation,7.25,-0.5
Avoidance of Plagiarism and Appropriate Citation,7.0,0.0
Avoidance of Plagiarism and Appropriate Citation,8.0,1.0
Avoidance of Plagiarism and Appropriate Citation,7.25,0.5
Avoidance of Plagiarism and Appropriate Citation,7.55,0.5
Avoidance of Plagiarism and Appropriate Citation,7.5,0.0
Avoidance of Plagiarism and Appropriate Citation,8.0,0.0
Avoidance of Plagiarism and Appropriate Citation,8.0,-1.0
Avoidance of Plagiarism and Appropriate Citation,6.5,1.0
Avoidance of Plagiarism and Appropriate Citation,8.25,-0.5
Avoidance of Plagiarism and Appropriate Citation,7.25,-0.5
Avoidance of Plagiarism and Appropriate Citation,8.0,0.0
Avoidance of Plagiarism and Appropriate Citation,8.0,0.0
Avoidance of Plagiarism and Appropriate Citation,7.25,0.5
Avoidance of Plagiarism and Appropriate Citation,7.5,0.0
Avoidance of Plagiarism and Appropriate Citation,8.25,-0.5
Avoidance of Plagiarism and Appropriate Citation,8.5,0.0
Avoidance of Plagiarism and Appropriate Citation,7.75,-0.5
Avoidance of Plagiarism and Appropriate Citation,8.0,0.0
Avoidance of Plagiarism and Appropriate Citation,7.75,-0.5
Avoidance of Plagiarism and Appropriate Citation,6.75,0.5
Avoidance of Plagiarism and Appropriate Citation,7.5,0.0
Avoidance of Plagiarism and Appropriate Citation,7.0,0.0
Avoidance of Plagiarism and Appropriate Citation,7.0,0.0
Avoidance of Plagiarism and Appropriate Citation,7.5,0.0
Avoidance of Plagiarism and Appropriate Citation,7.0,0.0
Avoidance of Plagiarism and Appropriate Citation,7.0,0.0
Avoidance of Plagiarism and Appropriate Citation,7.5,0.0
Avoidance of Plagiarism and Appropriate Citation,6.75,0.5
Avoidance of Plagiarism and Appropriate Citation,7.75,-0.5
Avoidance of Plagiarism and Appropriate Citation,7.5,0.0
Avoidance of Plagiarism and Appropriate Citation,7.5,0.0
Avoidance of Plagiarism and Appropriate Citation,7.0,0.0
Avoidance of Plagiarism and Appropriate Citation,7.5,0.0
Avoidance of Plagiarism and Appropriate Citation,7.5,0.0
Avoidance of Plagiarism and Appropriate Citation,7.5,0.0
Avoidance of Plagiarism and Appropriate Citation,8.0,0.0
Avoidance of Plagiarism and Appropriate Citation,7.75,0.5
Avoidance of Plagiarism and Appropriate Citation,7.0,0.0
Avoidance of Plagiarism and Appropriate Citation,8.0,0.0
Avoidance of Plagiarism and Appropriate Citation,7.0,0.0
Avoidance of Plagiarism and Appropriate Citation,7.5,0.0
Avoidance of Plagiarism and Appropriate Citation,6.75,0.5
Avoidance of Plagiarism and Appropriate Citation,7.5,0.0
Avoidance of Plagiarism and Appropriate Citation,8.25,-0.5
Avoidance of Plagiarism and Appropriate Citation,7.25,0.5
Avoidance of Plagiarism and Appropriate Citation,8.0,0.0
Avoidance of Plagiarism and Appropriate Citation,6.75,0.5
Avoidance of Plagiarism and Appropriate Citation,7.75,-0.5
Avoidance of Plagiarism and Appropriate Citation,7.5,0.0
Avoidance of Plagiarism and Appropriate Citation,6.75,0.5
Avoidance of Plagiarism and Appropriate Citation,7.0,0.0
Avoidance of Plagiarism and Appropriate Citation,7.0,0.0
Avoidance of Plagiarism and Appropriate Citation,7.25,0.5
Avoidance of Plagiarism and Appropriate Citation,7.0,0.0
Avoidance of Plagiarism and Appropriate Citation,7.25,0.5
Avoidance of Plagiarism and Appropriate Citation,6.75,0.5
Avoidance of Plagiarism and Appropriate Citation,7.5,0.0
Avoidance of Plagiarism and Appropriate Citation,7.0,0.0
Avoidance of Plagiarism and Appropriate Citation,8.75,-0.5
Avoidance of Plagiarism and Appropriate Citation,7.0,0.0
Avoidance of Plagiarism and Appropriate Citation,7.5,0.0
Avoidance of Plagiarism and Appropriate Citation,7.75,0.5
Avoidance of Plagiarism and Appropriate Citation,7.0,0.0
Avoidance of Plagiarism and Appropriate Citation,7.0,0.0
Avoidance of Plagiarism and Appropriate Citation,8.75,0.5
Avoidance of Plagiarism and Appropriate Citation,7.5,0.0
Avoidance of Plagiarism and Appropriate Citation,6.5,1.0
Avoidance of Plagiarism and Appropriate Citation,7.75,-0.5
Avoidance of Plagiarism and Appropriate Citation,6.5,1.0
Avoidance of Plagiarism and Appropriate Citation,7.25,-0.5
Avoidance of Plagiarism and Appropriate Citation,7.25,0.5
Avoidance of Plagiarism and Appropriate Citation,7.75,0.5
Avoidance of Plagiarism and Appropriate Citation,7.5,0.0
Avoidance of Plagiarism and Appropriate Citation,7.25,0.5
Avoidance of Plagiarism and Appropriate Citation,7.0,0.0
Avoidance of Plagiarism and Appropriate Citation,7.5,0.0
Avoidance of Plagiarism and Appropriate Citation,7.0,0.0
Avoidance of Plagiarism and Appropriate Citation,6.5,1.0
Avoidance of Plagiarism and Appropriate Citation,7.0,0.0
Avoidance of Plagiarism and Appropriate Citation,6.75,0.5
Avoidance of Plagiarism and Appropriate Citation,7.75,0.5
Avoidance of Plagiarism and Appropriate Citation,6.5,1.0
Avoidance of Plagiarism and Appropriate Citation,8.75,-0.5
Avoidance of Plagiarism and Appropriate Citation,8.25,-0.5
Avoidance of Plagiarism and Appropriate Citation,7.25,0.5
Avoidance of Plagiarism and Appropriate Citation,6.75,0.5
Avoidance of Plagiarism and Appropriate Citation,7.0,0.0
Avoidance of Plagiarism and Appropriate Citation,7.5,0.0
Avoidance of Plagiarism and Appropriate Citation,7.75,-0.5
Avoidance of Plagiarism and Appropriate Citation,7.0,0.0
Avoidance of Plagiarism and Appropriate Citation,7.75,-0.5
Avoidance of Plagiarism and Appropriate Citation,7.5,0.0
Avoidance of Plagiarism and Appropriate Citation,8.25,-0.5
Avoidance of Plagiarism and Appropriate Citation,6.5,1.0
Avoidance of Plagiarism and Appropriate Citation,8.75,-0.5
Avoidance of Plagiarism and Appropriate Citation,6.75,0.5
Avoidance of Plagiarism and Appropriate Citation,8.5,0.0
Avoidance of Plagiarism and Appropriate Citation,7.0,0.0
Avoidance of Plagiarism and Appropriate Citation,8.0,0.0
Avoidance of Plagiarism and Appropriate Citation,7.0,1.0
Avoidance of Plagiarism and Appropriate Citation,6.75,0.5
Avoidance of Plagiarism and Appropriate Citation,7.5,0.0
Avoidance of Plagiarism and Appropriate Citation,7.0,0.0
Avoidance of Plagiarism and Appropriate Citation,7.75,-0.5
Avoidance of Plagiarism and Appropriate Citation,7.5,0.0
Avoidance of Plagiarism and Appropriate Citation,8.0,-1.0
Avoidance of Plagiarism and Appropriate Citation,7.5,0.0
Avoidance of Plagiarism and Appropriate Citation,8.25,-0.5
Avoidance of Plagiarism and Appropriate Citation,7.75,0.5
Avoidance of Plagiarism and Appropriate Citation,7.75,-0.5
Avoidance of Plagiarism and Appropriate Citation,7.75,-0.5
Avoidance of Plagiarism and Appropriate Citation,7.0,0.0
Avoidance of Plagiarism and Appropriate Citation,7.5,0.0
Avoidance of Plagiarism and Appropriate Citation,7.25,0.5
Avoidance of Plagiarism and Appropriate Citation,6.75,0.5
Avoidance of Plagiarism and Appropriate Citation,7.75,-0.5
Avoidance of Plagiarism and Appropriate Citation,7.5,0.0
Avoidance of Plagiarism and Appropriate Citation,7.5,0.0
Avoidance of Plagiarism and Appropriate Citation,7.25,0.5
Avoidance of Plagiarism and Appropriate Citation,7.5,0.0
Avoidance of Plagiarism and Appropriate Citation,7.25,0.5
Avoidance of Plagiarism and Appropriate Citation,7.75,-0.5
Avoidance of Plagiarism and Appropriate Citation,7.0,0.0
Avoidance of Plagiarism and Appropriate Citation,7.5,0.0
Avoidance of Plagiarism and Appropriate Citation,7.75,-0.5
Avoidance of Plagiarism and Appropriate Citation,7.25,0.5
Avoidance of Plagiarism and Appropriate Citation,6.75,0.5
Avoidance of Plagiarism and Appropriate Citation,7.5,0.0
Avoidance of Plagiarism and Appropriate Citation,8.0,0.0
Avoidance of Plagiarism and Appropriate Citation,7.0,0.0
Avoidance of Plagiarism and Appropriate Citation,8.25,-0.5
Avoidance of Plagiarism and Appropriate Citation,7.5,0.0
Avoidance of Plagiarism and Appropriate Citation,7.0,0.0
Avoidance of Plagiarism and Appropriate Citation,8.25,-0.5
Avoidance of Plagiarism and Appropriate Citation,6.75,0.5
Avoidance of Plagiarism and Appropriate Citation,7.0,0.0
Avoidance of Plagiarism and Appropriate Citation,6.75,0.5
Avoidance of Plagiarism and Appropriate Citation,7.0,0.0
Avoidance of Plagiarism and Appropriate Citation,7.75,-0.5
Avoidance of Plagiarism and Appropriate Citation,6.5,1.0
Avoidance of Plagiarism and Appropriate Citation,6.5,1.0
Avoidance of Plagiarism and Appropriate Citation,7.0,0.0
Avoidance of Plagiarism and Appropriate Citation,6.5,1.0
Avoidance of Plagiarism and Appropriate Citation,8.0,0.0
Avoidance of Plagiarism and Appropriate Citation,7.5,0.0
Avoidance of Plagiarism and Appropriate Citation,7.0,0.0
Avoidance of Plagiarism and Appropriate Citation,6.95,0.09999999999999964
Avoidance of Plagiarism and Appropriate Citation,7.5,0.0
Avoidance of Plagiarism and Appropriate Citation,7.5,0.0
Avoidance of Plagiarism and Appropriate Citation,7.9,-0.20000000000000018
Avoidance of Plagiarism and Appropriate Citation,7.0,0.0
Avoidance of Plagiarism and Appropriate Citation,7.75,-0.5
Avoidance of Plagiarism and Appropriate Citation,7.5,0.0
Avoidance of Plagiarism and Appropriate Citation,7.0,0.0
Avoidance of Plagiarism and Appropriate Citation,7.0,0.0
Avoidance of Plagiarism and Appropriate Citation,6.75,0.5
Avoidance of Plagiarism and Appropriate Citation,7.0,0.0
Avoidance of Plagiarism and Appropriate Citation,8.0,0.0
Avoidance of Plagiarism and Appropriate Citation,7.0,0.0
Avoidance of Plagiarism and Appropriate Citation,7.75,-0.5
Avoidance of Plagiarism and Appropriate Citation,7.75,-0.5
Avoidance of Plagiarism and Appropriate Citation,8.0,0.0
Avoidance of Plagiarism and Appropriate Citation,7.75,-0.5
Avoidance of Plagiarism and Appropriate Citation,7.75,0.5
Avoidance of Plagiarism and Appropriate Citation,6.75,0.5
Avoidance of Plagiarism and Appropriate Citation,7.75,-0.5
Avoidance of Plagiarism and Appropriate Citation,7.0,0.0
Avoidance of Plagiarism and Appropriate Citation,7.75,-0.5
Avoidance of Plagiarism and Appropriate Citation,7.0,0.0
Avoidance of Plagiarism and Appropriate Citation,7.5,0.0
Avoidance of Plagiarism and Appropriate Citation,6.5,1.0
Avoidance of Plagiarism and Appropriate Citation,7.0,0.0
Avoidance of Plagiarism and Appropriate Citation,7.5,0.0
Avoidance of Plagiarism and Appropriate Citation,7.0,0.0
Avoidance of Plagiarism and Appropriate Citation,6.5,1.0
Avoidance of Plagiarism and Appropriate Citation,7.25,0.5
Avoidance of Plagiarism and Appropriate Citation,7.0,0.0
Avoidance of Plagiarism and Appropriate Citation,7.75,-0.5
Avoidance of Plagiarism and Appropriate Citation,7.0,0.0
Avoidance of Plagiarism and Appropriate Citation,6.5,1.0
Avoidance of Plagiarism and Appropriate Citation,7.5,0.0
Avoidance of Plagiarism and Appropriate Citation,7.0,0.0
Avoidance of Plagiarism and Appropriate Citation,7.0,0.0
Avoidance of Plagiarism and Appropriate Citation,6.75,0.5
Avoidance of Plagiarism and Appropriate Citation,8.0,0.0
Avoidance of Plagiarism and Appropriate Citation,7.5,0.0
Avoidance of Plagiarism and Appropriate Citation,7.0,0.0
Avoidance of Plagiarism and Appropriate Citation,6.75,0.5
Avoidance of Plagiarism and Appropriate Citation,7.0,0.0
Avoidance of Plagiarism and Appropriate Citation,7.25,-0.5
Avoidance of Plagiarism and Appropriate Citation,7.75,0.5
Avoidance of Plagiarism and Appropriate Citation,7.75,-0.5
Avoidance of Plagiarism and Appropriate Citation,7.25,-0.5
Avoidance of Plagiarism and Appropriate Citation,7.25,-0.5
Avoidance of Plagiarism and Appropriate Citation,7.5,0.0
Avoidance of Plagiarism and Appropriate Citation,6.75,0.5
Avoidance of Plagiarism and Appropriate Citation,7.0,0.0
Avoidance of Plagiarism and Appropriate Citation,8.5,0.0
Avoidance of Plagiarism and Appropriate Citation,7.0,0.0
Avoidance of Plagiarism and Appropriate Citation,7.5,0.0
Avoidance of Plagiarism and Appropriate Citation,7.0,0.0
Avoidance of Plagiarism and Appropriate Citation,7.75,-0.5
Avoidance of Plagiarism and Appropriate Citation,7.5,0.0
Avoidance of Plagiarism and Appropriate Citation,7.0,0.0
Avoidance of Plagiarism and Appropriate Citation,6.75,0.5
Avoidance of Plagiarism and Appropriate Citation,8.0,0.0
Avoidance of Plagiarism and Appropriate Citation,7.5,0.0
Avoidance of Plagiarism and Appropriate Citation,8.0,-1.0
Avoidance of Plagiarism and Appropriate Citation,7.5,0.0
Avoidance of Plagiarism and Appropriate Citation,6.75,0.5
Avoidance of Plagiarism and Appropriate Citation,6.75,0.5
Avoidance of Plagiarism and Appropriate Citation,7.75,-0.5
Avoidance of Plagiarism and Appropriate Citation,6.75,0.5
Avoidance of Plagiarism and Appropriate Citation,8.0,0.0
Avoidance of Plagiarism and Appropriate Citation,8.0,0.0
Avoidance of Plagiarism and Appropriate Citation,7.25,-0.5
Avoidance of Plagiarism and Appropriate Citation,8.25,-0.5
Avoidance of Plagiarism and Appropriate Citation,7.75,-0.5
Avoidance of Plagiarism and Appropriate Citation,7.0,0.0
Avoidance of Plagiarism and Appropriate Citation,6.75,0.5
Avoidance of Plagiarism and Appropriate Citation,7.0,0.0
Avoidance of Plagiarism and Appropriate Citation,7.25,-0.5
Avoidance of Plagiarism and Appropriate Citation,7.0,0.0
Avoidance of Plagiarism and Appropriate Citation,7.0,0.0
Avoidance of Plagiarism and Appropriate Citation,7.5,0.0
Avoidance of Plagiarism and Appropriate Citation,8.25,-0.5
Avoidance of Plagiarism and Appropriate Citation,8.0,0.0
Avoidance of Plagiarism and Appropriate Citation,7.5,0.0
Avoidance of Plagiarism and Appropriate Citation,7.5,0.0
Avoidance of Plagiarism and Appropriate Citation,7.0,0.0
Avoidance of Plagiarism and Appropriate Citation,6.75,0.5
Avoidance of Plagiarism and Appropriate Citation,7.5,0.0
Avoidance of Plagiarism and Appropriate Citation,7.25,-0.5
Avoidance of Plagiarism and Appropriate Citation,7.25,0.5
Avoidance of Plagiarism and Appropriate Citation,7.25,0.5
Avoidance of Plagiarism and Appropriate Citation,7.25,0.5
Avoidance of Plagiarism and Appropriate Citation,6.75,0.5
Avoidance of Plagiarism and Appropriate Citation,7.5,0.0
Avoidance of Plagiarism and Appropriate Citation,8.0,0.0
Avoidance of Plagiarism and Appropriate Citation,6.5,1.0
Avoidance of Plagiarism and Appropriate Citation,7.25,0.5
Avoidance of Plagiarism and Appropriate Citation,8.75,-0.5
Avoidance of Plagiarism and Appropriate Citation,7.75,-0.5
Avoidance of Plagiarism and Appropriate Citation,7.25,-0.5
Avoidance of Plagiarism and Appropriate Citation,6.75,0.5
Avoidance of Plagiarism and Appropriate Citation,6.75,-0.5
Avoidance of Plagiarism and Appropriate Citation,7.25,0.5
Avoidance of Plagiarism and Appropriate Citation,6.75,0.5
Avoidance of Plagiarism and Appropriate Citation,7.0,0.0
Avoidance of Plagiarism and Appropriate Citation,8.25,-0.5
Avoidance of Plagiarism and Appropriate Citation,8.25,-0.5
Avoidance of Plagiarism and Appropriate Citation,6.75,0.5
Avoidance of Plagiarism and Appropriate Citation,7.0,0.0
Avoidance of Plagiarism and Appropriate Citation,6.75,0.5
Avoidance of Plagiarism and Appropriate Citation,6.5,1.0
Critical Analysis of Existing Research,7.75,0.5
Critical Analysis of Existing Research,8.0,0.0
Critical Analysis of Existing Research,7.0,0.0
Critical Analysis of Existing Research,7.6,0.0
Critical Analysis of Existing Research,8.0,1.0
Critical Analysis of Existing Research,7.949999999999999,0.2999999999999998
Critical Analysis of Existing Research,7.75,0.5
Critical Analysis of Existing Research,8.25,0.5
Critical Analysis of Existing Research,7.75,0.5
Critical Analysis of Existing Research,7.5,1.0
Critical Analysis of Existing Research,7.75,-0.5
Critical Analysis of Existing Research,8.0,0.0
Critical Analysis of Existing Research,7.75,-1.5
Critical Analysis of Existing Research,7.75,0.5
Critical Analysis of Existing Research,8.5,-1.0
Critical Analysis of Existing Research,8.0,0.0
Critical Analysis of Existing Research,7.5,0.0
Critical Analysis of Existing Research,8.0,0.0
Critical Analysis of Existing Research,8.0,0.0
Critical Analysis of Existing Research,7.0,0.0
Critical Analysis of Existing Research,7.75,0.5
Critical Analysis of Existing Research,7.75,0.5
Critical Analysis of Existing Research,8.0,-1.0
Critical Analysis of Existing Research,7.75,-0.5
Critical Analysis of Existing Research,7.75,-0.5
Critical Analysis of Existing Research,7.5,1.0
Critical Analysis of Existing Research,7.5,1.0
Critical Analysis of Existing Research,7.5,1.0
Critical Analysis of Existing Research,8.0,-1.0
Critical Analysis of Existing Research,7.75,0.5
Critical Analysis of Existing Research,7.5,1.0
Critical Analysis of Existing Research,6.5,0.0
Critical Analysis of Existing Research,7.5,-1.0
Critical Analysis of Existing Research,7.75,0.5
Critical Analysis of Existing Research,8.0,0.0
Critical Analysis of Existing Research,7.5,1.0
Critical Analysis of Existing Research,8.0,0.0
Critical Analysis of Existing Research,7.5,0.0
Critical Analysis of Existing Research,7.5,0.0
Critical Analysis of Existing Research,7.5,0.0
Critical Analysis of Existing Research,7.75,-0.5
Critical Analysis of Existing Research,8.0,0.0
Critical Analysis of Existing Research,8.0,0.0
Critical Analysis of Existing Research,7.5,1.0
Critical Analysis of Existing Research,7.75,-0.5
Critical Analysis of Existing Research,8.0,-1.0
Critical Analysis of Existing Research,7.5,-1.0
Critical Analysis of Existing Research,6.5,0.0
Critical Analysis of Existing Research,7.5,1.0
Critical Analysis of Existing Research,8.0,0.0
Critical Analysis of Existing Research,8.0,-1.0
Critical Analysis of Existing Research,7.0,0.0
Critical Analysis of Existing Research,8.0,0.0
Critical Analysis of Existing Research,8.25,0.5
Critical Analysis of Existing Research,7.5,0.0
Critical Analysis of Existing Research,8.0,-1.0
Critical Analysis of Existing Research,7.75,-1.5
Critical Analysis of Existing Research,8.0,1.0
Critical Analysis of Existing Research,8.0,0.0
Critical Analysis of Existing Research,8.0,-1.0
Critical Analysis of Existing Research,8.0,-1.0
Critical Analysis of Existing Research,7.75,0.5
Critical Analysis of Existing Research,7.75,0.5
Critical Analysis of Existing Research,7.5,-1.0
Critical Analysis of Existing Research,8.0,0.0
Critical Analysis of Existing Research,7.5,1.0
Critical Analysis of Existing Research,8.0,-1.0
Critical Analysis of Existing Research,7.5,0.0
Critical Analysis of Existing Research,7.75,0.5
Critical Analysis of Existing Research,7.0,1.0
Critical Analysis of Existing Research,8.0,-1.0
Critical Analysis of Existing Research,8.0,1.0
Critical Analysis of Existing Research,8.25,0.5
Critical Analysis of Existing Research,8.0,0.0
Critical Analysis of Existing Research,8.0,0.0
Critical Analysis of Existing Research,7.75,0.5
Critical Analysis of Existing Research,8.0,0.0
Critical Analysis of Existing Research,7.25,1.5
Critical Analysis of Existing Research,8.25,0.5
Critical Analysis of Existing Research,8.0,1.0
Critical Analysis of Existing Research,7.25,1.5
Critical Analysis of Existing Research,8.25,-0.5
Critical Analysis of Existing Research,8.0,0.0
Critical Analysis of Existing Research,8.0,0.0
Critical Analysis of Existing Research,8.25,-0.5
Critical Analysis of Existing Research,8.5,-1.0
Critical Analysis of Existing Research,7.5,0.0
Critical Analysis of Existing Research,7.75,0.5
Critical Analysis of Existing Research,8.5,-1.0
Critical Analysis of Existing Research,7.0,0.0
Critical Analysis of Existing Research,7.5,1.0
Critical Analysis of Existing Research,7.75,-1.5
Critical Analysis of Existing Research,8.0,0.0
Critical Analysis of Existing Research,8.0,-1.0
Critical Analysis of Existing Research,7.5,0.0
Critical Analysis of Existing Research,7.75,0.5
Critical Analysis of Existing Research,7.25,-0.5
Critical Analysis of Existing Research,7.5,-1.0
Critical Analysis of Existing Research,7.75,0.6999999999999993
Critical Analysis of Existing Research,8.0,0.0
Critical Analysis of Existing Research,8.0,-1.0
Critical Analysis of Existing Research,7.0,-1.0
Critical Analysis of Existing Research,7.5,1.0
Critical Analysis of Existing Research,7.75,0.5
Critical Analysis of Existing Research,7.75,-0.5
Critical Analysis of Existing Research,7.75,0.5
Critical Analysis of Existing Research,7.75,0.5
Critical Analysis of Existing Research,7.5,1.0
Critical Analysis of Existing Research,8.25,-0.5
Critical Analysis of Existing Research,8.0,-1.0
Critical Analysis of Existing Research,7.85,-0.2999999999999998
Critical Analysis of Existing Research,7.5,1.0
Critical Analysis of Existing Research,7.75,0.5
Critical Analysis of Existing Research,7.5,0.0
Critical Analysis of Existing Research,7.75,-0.5
Critical Analysis of Existing Research,8.25,-0.5
Critical Analysis of Existing Research,8.25,-0.5
Critical Analysis of Existing Research,7.0,1.0
Critical Analysis of Existing Research,7.5,0.0
Critical Analysis of Existing Research,8.0,0.39999999999999947
Critical Analysis of Existing Research,7.25,0.5
Critical Analysis of Existing Research,7.5,-1.0
Critical Analysis of Existing Research,8.0,0.0
Critical Analysis of Existing Research,7.75,0.5
Critical Analysis of Existing Research,7.5,-0.5999999999999996
Critical Analysis of Existing Research,7.5,0.0
Critical Analysis of Existing Research,8.0,0.0
Critical Analysis of Existing Research,7.75,0.5
Critical Analysis of Existing Research,7.75,0.5
Critical Analysis of Existing Research,7.75,0.5
Critical Analysis of Existing Research,8.0,-1.0
Critical Analysis of Existing Research,7.75,0.5
Critical Analysis of Existing Research,7.75,-0.5
Critical Analysis of Existing Research,7.25,1.5
Critical Analysis of Existing Research,7.25,1.5
Critical Analysis of Existing Research,7.75,0.5
Critical Analysis of Existing Research,7.75,0.5
Critical Analysis of Existing Research,7.5,1.0
Critical Analysis of Existing Research,7.25,0.5
Critical Analysis of Existing Research,8.0,0.0
Critical Analysis of Existing Research,7.0,-1.0
Critical Analysis of Existing Research,7.5,0.0
Critical Analysis of Existing Research,7.25,1.5
Critical Analysis of Existing Research,7.75,0.5
Critical Analysis of Existing Research,8.0,-1.0
Critical Analysis of Existing Research,8.0,-1.0
Critical Analysis of Existing Research,9.0,-1.0
Critical Analysis of Existing Research,7.75,-0.5
Critical Analysis of Existing Research,8.15,-0.7000000000000002
Critical Analysis of Existing Research,7.25,0.5
Critical Analysis of Existing Research,7.75,-0.5
Critical Analysis of Existing Research,8.25,-0.5
Critical Analysis of Existing Research,7.75,0.5
Critical Analysis of Existing Research,7.5,1.0
Critical Analysis of Existing Research,8.0,-1.0
Critical Analysis of Existing Research,8.0,-1.0
Critical Analysis of Existing Research,7.75,0.5
Critical Analysis of Existing Research,7.75,-0.5
Critical Analysis of Existing Research,8.5,-1.0
Critical Analysis of Existing Research,7.75,-1.5
Critical Analysis of Existing Research,7.5,1.0
Critical Analysis of Existing Research,7.0,-1.0
Critical Analysis of Existing Research,7.0,1.0
Critical Analysis of Existing Research,7.25,-0.5
Critical Analysis of Existing Research,7.5,0.0
Critical Analysis of Existing Research,7.75,0.5
Critical Analysis of Existing Research,8.0,-1.0
Critical Analysis of Existing Research,8.5,-1.0
Critical Analysis of Existing Research,8.25,0.5
Critical Analysis of Existing Research,7.75,0.5
Critical Analysis of Existing Research,7.25,0.5
Critical Analysis of Existing Research,7.5,0.0
Critical Analysis of Existing Research,7.75,0.5
Critical Analysis of Existing Research,7.5,1.0
Critical Analysis of Existing Research,7.5,1.0
Critical Analysis of Existing Research,8.0,0.0
Critical Analysis of Existing Research,7.75,-0.5
Critical Analysis of Existing Research,7.75,-0.5
Critical Analysis of Existing Research,8.0,0.0
Critical Analysis of Existing Research,8.0,-1.0
Critical Analysis of Existing Research,8.0,-1.0
Critical Analysis of Existing Research,7.25,0.5
Critical Analysis of Existing Research,7.5,-1.0
Critical Analysis of Existing Research,7.75,0.5
Critical Analysis of Existing Research,7.5,-1.0
Critical Analysis of Existing Research,7.0,1.0
Critical Analysis of Existing Research,7.0,2.0
Critical Analysis of Existing Research,7.25,-0.5
Critical Analysis of Existing Research,7.5,0.0
Critical Analysis of Existing Research,7.75,-0.5
Critical Analysis of Existing Research,7.5,1.0
Critical Analysis of Existing Research,7.0,1.0
Critical Analysis of Existing Research,7.5,1.0
Critical Analysis of Existing Research,7.25,-0.5
Critical Analysis of Existing Research,7.75,0.5
Critical Analysis of Existing Research,7.75,0.5
Critical Analysis of Existing Research,8.0,0.0
Critical Analysis of Existing Research,8.0,0.0
Critical Analysis of Existing Research,7.85,-0.10000000000000053
Critical Analysis of Existing Research,7.75,0.5
Critical Analysis of Existing Research,7.5,1.0
Critical Analysis of Existing Research,7.75,0.5
Critical Analysis of Existing Research,7.75,-0.5
Critical Analysis of Existing Research,8.0,0.0
Critical Analysis of Existing Research,7.75,0.5
Critical Analysis of Existing Research,7.5,0.0
Critical Analysis of Existing Research,8.25,-0.5
Critical Analysis of Existing Research,7.75,-0.5
Critical Analysis of Existing Research,7.5,1.0
Critical Analysis of Existing Research,7.75,0.5
Critical Analysis of Existing Research,7.5,1.0
Critical Analysis of Existing Research,7.25,-1.5
Critical Analysis of Existing Research,7.5,-1.0
Critical Analysis of Existing Research,8.25,0.5
Critical Analysis of Existing Research,7.75,0.5
Critical Analysis of Existing Research,7.75,0.5
Critical Analysis of Existing Research,8.0,-1.0
Critical Analysis of Existing Research,8.0,0.0
Critical Analysis of Existing Research,8.25,-0.5
Critical Analysis of Existing Research,8.0,-1.0
Critical Analysis of Existing Research,7.25,0.5
Critical Analysis of Existing Research,7.75,0.5
Critical Analysis of Existing Research,8.0,-1.0
Critical Analysis of Existing Research,8.0,0.0
Critical Analysis of Existing Research,7.5,0.0
Critical Analysis of Existing Research,8.25,0.5
Critical Analysis of Existing Research,7.5,-1.0
Critical Analysis of Existing Research,7.75,0.5
Critical Analysis of Existing Research,7.5,0.0
Critical Analysis of Existing Research,7.5,0.0
Critical Analysis of Existing Research,6.75,-1.5
Critical Analysis of Existing Research,8.0,0.0
Critical Analysis of Existing Research,7.5,0.0
Critical Analysis of Existing Research,7.25,1.5
Critical Analysis of Existing Research,8.25,0.5
Critical Analysis of Existing Research,7.5,0.0
Critical Analysis of Existing Research,7.75,0.5
Critical Analysis of Existing Research,7.25,1.5
Critical Analysis of Existing Research,,
Critical Analysis of Existing Research,7.0,1.0
Critical Analysis of Existing Research,7.5,0.0
Critical Analysis of Existing Research,7.75,-0.5
Critical Analysis of Existing Research,8.0,-1.0
Critical Analysis of Existing Research,7.5,1.0
Critical Analysis of Existing Research,7.75,0.5
Critical Analysis of Existing Research,8.5,-1.0
Critical Analysis of Existing Research,8.0,-1.0
Critical Analysis of Existing Research,7.75,-1.5
Critical Analysis of Existing Research,7.5,1.0
Critical Analysis of Existing Research,8.0,0.0
Critical Analysis of Existing Research,8.0,0.0
Critical Analysis of Existing Research,8.0,0.0
Critical Analysis of Existing Research,8.0,0.0
Critical Analysis of Existing Research,8.0,0.0
Critical Analysis of Existing Research,8.5,-1.0
Critical Analysis of Existing Research,7.5,0.0
Critical Analysis of Existing Research,7.75,-0.5
Critical Analysis of Existing Research,8.0,0.0
Critical Analysis of Existing Research,7.75,0.5
Critical Analysis of Existing Research,8.0,-1.0
Critical Analysis of Existing Research,8.0,0.0
Critical Analysis of Existing Research,7.5,0.0
Critical Analysis of Existing Research,7.75,0.5
Critical Analysis of Existing Research,8.25,-0.5
Critical Analysis of Existing Research,7.75,-0.5
Critical Analysis of Existing Research,7.5,0.0
Critical Analysis of Existing Research,7.5,-1.0
Critical Analysis of Existing Research,8.25,-0.5
Critical Analysis of Existing Research,7.5,0.0
Critical Analysis of Existing Research,7.5,1.0
Critical Analysis of Existing Research,8.0,-1.0
Critical Analysis of Existing Research,8.0,0.0
Critical Analysis of Existing Research,7.5,1.0
Critical Analysis of Existing Research,8.0,0.0
Critical Analysis of Existing Research,8.0,0.0
Critical Analysis of Existing Research,8.0,0.0
Critical Analysis of Existing Research,7.75,-0.5
Critical Analysis of Existing Research,7.5,-1.0
Critical Analysis of Existing Research,8.25,-0.5
Critical Analysis of Existing Research,7.75,0.5
Critical Analysis of Existing Research,8.5,-1.0
Critical Analysis of Existing Research,7.5,1.0
Critical Analysis of Existing Research,8.0,-1.0
Critical Analysis of Existing Research,7.75,-0.5
Critical Analysis of Existing Research,7.25,0.5
Critical Analysis of Existing Research,7.5,0.0
Critical Analysis of Existing Research,7.5,1.0
Critical Analysis of Existing Research,8.0,0.0
Critical Analysis of Existing Research,8.0,-1.0
Critical Analysis of Existing Research,8.0,-1.0
Critical Analysis of Existing Research,7.5,1.0
Critical Analysis of Existing Research,7.75,0.5
Critical Analysis of Existing Research,7.75,0.5
Critical Analysis of Existing Research,7.5,0.0
Critical Analysis of Existing Research,8.0,-1.0
Critical Analysis of Existing Research,6.75,-1.5
Critical Analysis of Existing Research,8.0,1.0
Critical Analysis of Existing Research,7.75,0.5
Critical Analysis of Existing Research,7.8999999999999995,0.5999999999999996
Critical Analysis of Existing Research,7.75,0.5
Critical Analysis of Existing Research,7.5,0.0
Critical Analysis of Existing Research,7.75,-1.5
Critical Analysis of Existing Research,7.5,1.0
Critical Analysis of Existing Research,8.25,-0.5
Critical Analysis of Existing Research,8.25,-0.5
Critical Analysis of Existing Research,7.5,-1.0
Critical Analysis of Existing Research,8.0,-1.0
Critical Analysis of Existing Research,7.75,0.5
Critical Analysis of Existing Research,8.0,1.0
Critical Analysis of Existing Research,8.0,-1.0
Critical Analysis of Existing Research,8.5,0.0
Critical Analysis of Existing Research,7.75,-0.5
Critical Analysis of Existing Research,8.0,-1.0
Critical Analysis of Existing Research,7.75,0.5
Critical Analysis of Existing Research,7.5,1.0
Critical Analysis of Existing Research,8.25,0.5
Critical Analysis of Existing Research,8.0,0.0
Critical Analysis of Existing Research,7.5,0.0
Critical Analysis of Existing Research,8.0,0.0
Critical Analysis of Existing Research,8.0,0.0
Critical Analysis of Existing Research,8.0,0.0
Critical Analysis of Existing Research,7.75,0.5
Critical Analysis of Existing Research,7.75,0.5
Critical Analysis of Existing Research,7.5,-1.0
Critical Analysis of Existing Research,7.75,0.5
Critical Analysis of Existing Research,7.75,0.5
Critical Analysis of Existing Research,7.0,0.0
Critical Analysis of Existing Research,8.0,0.0
Critical Analysis of Existing Research,7.5,0.0
Critical Analysis of Existing Research,8.5,0.0
Critical Analysis of Existing Research,8.5,-1.0
Critical Analysis of Existing Research,7.25,1.5
Critical Analysis of Existing Research,8.0,0.0
Critical Analysis of Existing Research,8.0,-1.0
Critical Analysis of Existing Research,8.0,0.0
Critical Analysis of Existing Research,7.5,1.0
Critical Analysis of Existing Research,7.75,0.5
Critical Analysis of Existing Research,7.25,1.5
Critical Analysis of Existing Research,8.0,-1.0
Critical Analysis of Existing Research,7.75,0.5
Critical Analysis of Existing Research,7.5,-1.0
Critical Analysis of Existing Research,7.75,0.5
Critical Analysis of Existing Research,8.25,-0.5
Critical Analysis of Existing Research,7.75,0.5
Critical Analysis of Existing Research,7.75,0.5
Critical Analysis of Existing Research,7.75,-0.5
Critical Analysis of Existing Research,7.5,0.0
Critical Analysis of Existing Research,7.75,0.5
Critical Analysis of Existing Research,7.5,0.0
Critical Analysis of Existing Research,7.75,0.5
Critical Analysis of Existing Research,7.75,0.5
Critical Analysis of Existing Research,7.75,-0.5
Critical Analysis of Existing Research,8.0,0.0
Critical Analysis of Existing Research,8.25,-1.5
Critical Analysis of Existing Research,8.0,0.0
Critical Analysis of Existing Research,7.75,-0.5
Critical Analysis of Existing Research,8.25,-0.5
Critical Analysis of Existing Research,7.5,0.0
Critical Analysis of Existing Research,7.5,1.0
Critical Analysis of Existing Research,7.75,0.5
Critical Analysis of Existing Research,7.5,0.0
Critical Analysis of Existing Research,7.75,0.5
Critical Analysis of Existing Research,7.75,-0.5
Critical Analysis of Existing Research,8.0,0.0
Critical Analysis of Existing Research,7.75,-0.5
Critical Analysis of Existing Research,8.0,0.0
Critical Analysis of Existing Research,7.5,0.0
Critical Analysis of Existing Research,8.0,0.0
Critical Analysis of Existing Research,7.5,1.0
Critical Analysis of Existing Research,8.0,-1.0
Critical Analysis of Existing Research,8.25,-0.5
Critical Analysis of Existing Research,7.5,1.0
Critical Analysis of Existing Research,7.5,1.0
Critical Analysis of Existing Research,7.5,1.0
Critical Analysis of Existing Research,7.75,0.5
Critical Analysis of Existing Research,7.75,0.5
Critical Analysis of Existing Research,7.25,1.5
Critical Analysis of Existing Research,8.25,-0.5
Critical Analysis of Existing Research,7.75,-1.5
Critical Analysis of Existing Research,7.0,1.0
Critical Analysis of Existing Research,7.75,0.5
Critical Analysis of Existing Research,8.0,0.0
Critical Analysis of Existing Research,7.75,0.5
Critical Analysis of Existing Research,8.0,-1.0
Critical Analysis of Existing Research,8.0,0.0
Critical Analysis of Existing Research,8.0,-1.0
Critical Analysis of Existing Research,7.75,-0.5
Critical Analysis of Existing Research,8.0,-1.0
Critical Analysis of Existing Research,7.75,0.5
Critical Analysis of Existing Research,8.25,-0.5
Critical Analysis of Existing Research,7.5,1.0
Critical Analysis of Existing Research,7.5,0.0
Critical Analysis of Existing Research,8.0,0.0
Critical Analysis of Existing Research,7.75,0.5
Critical Analysis of Existing Research,7.5,1.0
Critical Analysis of Existing Research,7.0,1.0
Critical Analysis of Existing Research,8.25,0.5
Critical Analysis of Existing Research,8.0,0.0
Critical Analysis of Existing Research,8.0,-1.0
Critical Analysis of Existing Research,7.75,0.5
Critical Analysis of Existing Research,8.25,-0.5
Critical Analysis of Existing Research,8.0,-1.0
Critical Analysis of Existing Research,7.75,-0.5
Critical Analysis of Existing Research,7.75,0.5
Critical Analysis of Existing Research,7.0,-1.0
Critical Analysis of Existing Research,8.0,-1.0
Critical Analysis of Existing Research,8.0,0.0
Critical Analysis of Existing Research,8.25,-0.5
Critical Analysis of Existing Research,7.75,0.5
Critical Analysis of Existing Research,7.75,0.5
Critical Analysis of Existing Research,7.75,-0.5
Critical Analysis of Existing Research,8.0,-1.0
Critical Analysis of Existing Research,7.5,0.0
Critical Analysis of Existing Research,7.5,0.0
Critical Analysis of Existing Research,8.25,0.5
Critical Analysis of Existing Research,7.25,1.5
Critical Analysis of Existing Research,8.25,-0.5
Critical Analysis of Existing Research,8.0,0.0
Critical Analysis of Existing Research,8.0,0.0
Critical Analysis of Existing Research,8.25,-0.5
Critical Analysis of Existing Research,7.5,0.0
Critical Analysis of Existing Research,7.75,0.5
Critical Analysis of Existing Research,7.75,0.5
Critical Analysis of Existing Research,7.75,0.5
Critical Analysis of Existing Research,7.5,-1.0
Critical Analysis of Existing Research,7.75,-0.5
Critical Analysis of Existing Research,7.5,0.0
Critical Analysis of Existing Research,7.5,1.0
Critical Analysis of Existing Research,8.0,-1.0
Critical Analysis of Existing Research,7.25,0.5
Critical Analysis of Existing Research,7.5,0.0
Critical Analysis of Existing Research,7.25,0.5
Critical Analysis of Existing Research,7.75,-0.5
Critical Analysis of Existing Research,8.25,-0.5
Critical Analysis of Existing Research,7.5,1.0
Critical Analysis of Existing Research,7.5,1.0
Critical Analysis of Existing Research,7.0,-1.0
Critical Analysis of Existing Research,7.5,1.0
Critical Analysis of Existing Research,8.0,-1.0
Critical Analysis of Existing Research,8.5,0.0
Critical Analysis of Existing Research,7.5,0.0
Critical Analysis of Existing Research,7.95,0.09999999999999964
Critical Analysis of Existing Research,7.75,0.5
Critical Analysis of Existing Research,8.0,0.0
Critical Analysis of Existing Research,7.8,-0.40000000000000036
Critical Analysis of Existing Research,7.0,1.0
Critical Analysis of Existing Research,8.25,-0.5
Critical Analysis of Existing Research,7.5,-1.0
Critical Analysis of Existing Research,7.5,0.0
Critical Analysis of Existing Research,7.25,0.5
Critical Analysis of Existing Research,7.75,0.5
Critical Analysis of Existing Research,7.5,0.0
Critical Analysis of Existing Research,7.5,-1.0
Critical Analysis of Existing Research,7.75,0.5
Critical Analysis of Existing Research,8.25,-0.5
Critical Analysis of Existing Research,8.25,-0.5
Critical Analysis of Existing Research,8.25,-0.5
Critical Analysis of Existing Research,8.25,-0.5
Critical Analysis of Existing Research,7.5,1.0
Critical Analysis of Existing Research,7.25,1.5
Critical Analysis of Existing Research,8.25,-0.5
Critical Analysis of Existing Research,7.75,-0.5
Critical Analysis of Existing Research,7.75,-0.5
Critical Analysis of Existing Research,8.0,0.0
Critical Analysis of Existing Research,8.0,0.0
Critical Analysis of Existing Research,7.5,1.0
Critical Analysis of Existing Research,8.0,0.0
Critical Analysis of Existing Research,7.5,0.0
Critical Analysis of Existing Research,8.0,0.0
Critical Analysis of Existing Research,7.5,1.0
Critical Analysis of Existing Research,8.0,0.0
Critical Analysis of Existing Research,8.0,-1.0
Critical Analysis of Existing Research,8.25,-0.5
Critical Analysis of Existing Research,7.0,1.0
Critical Analysis of Existing Research,7.75,0.5
Critical Analysis of Existing Research,7.5,0.0
Critical Analysis of Existing Research,6.5,0.0
Critical Analysis of Existing Research,6.5,-1.0
Critical Analysis of Existing Research,7.75,0.5
Critical Analysis of Existing Research,7.75,-0.5
Critical Analysis of Existing Research,8.5,0.0
Critical Analysis of Existing Research,8.5,0.0
Critical Analysis of Existing Research,7.5,1.0
Critical Analysis of Existing Research,7.5,0.0
Critical Analysis of Existing Research,8.0,-1.0
Critical Analysis of Existing Research,7.5,1.0
Critical Analysis of Existing Research,7.25,-0.5
Critical Analysis of Existing Research,7.5,0.0
Critical Analysis of Existing Research,7.0,-1.0
Critical Analysis of Existing Research,7.75,-0.5
Critical Analysis of Existing Research,7.5,1.0
Critical Analysis of Existing Research,8.0,0.0
Critical Analysis of Existing Research,7.5,0.0
Critical Analysis of Existing Research,7.5,0.0
Critical Analysis of Existing Research,7.75,0.5
Critical Analysis of Existing Research,7.75,-0.5
Critical Analysis of Existing Research,7.75,-1.5
Critical Analysis of Existing Research,7.75,-0.5
Critical Analysis of Existing Research,8.0,0.0
Critical Analysis of Existing Research,7.25,0.5
Critical Analysis of Existing Research,7.75,0.5
Critical Analysis of Existing Research,7.5,0.0
Critical Analysis of Existing Research,8.5,-1.0
Critical Analysis of Existing Research,7.75,0.5
Critical Analysis of Existing Research,7.75,0.5
Critical Analysis of Existing Research,7.5,1.0
Critical Analysis of Existing Research,7.5,-1.0
Critical Analysis of Existing Research,7.4,0.7999999999999998
Critical Analysis of Existing Research,8.0,-1.0
Critical Analysis of Existing Research,7.5,0.0
Critical Analysis of Existing Research,7.75,-0.5
Critical Analysis of Existing Research,8.0,-1.0
Critical Analysis of Existing Research,7.75,-0.5
Critical Analysis of Existing Research,7.5,1.0
Critical Analysis of Existing Research,7.5,1.0
Critical Analysis of Existing Research,7.5,0.0
Critical Analysis of Existing Research,7.5,-1.0
Critical Analysis of Existing Research,8.0,0.0
Critical Analysis of Existing Research,7.5,-1.0
Critical Analysis of Existing Research,8.0,0.0
Critical Analysis of Existing Research,8.0,-1.0
Critical Analysis of Existing Research,8.0,-1.0
Critical Analysis of Existing Research,8.5,0.0
Critical Analysis of Existing Research,7.75,0.5
Critical Analysis of Existing Research,7.5,0.0
Critical Analysis of Existing Research,7.5,1.0
Critical Analysis of Existing Research,7.5,0.0
Critical Analysis of Existing Research,7.75,0.5
Critical Analysis of Existing Research,7.75,0.5
Critical Analysis of Existing Research,8.25,0.5
Critical Analysis of Existing Research,7.25,0.5
Critical Analysis of Existing Research,7.25,0.5
Critical Analysis of Existing Research,8.25,-0.5
Critical Analysis of Existing Research,8.0,0.0
Critical Analysis of Existing Research,7.0,1.0
Critical Analysis of Existing Research,7.0,1.0
Critical Analysis of Existing Research,8.0,-1.0
Critical Analysis of Existing Research,8.0,-1.0
Critical Analysis of Existing Research,8.5,-1.0
Critical Analysis of Existing Research,7.75,0.5
Critical Analysis of Existing Research,6.75,-0.5
Critical Analysis of Existing Research,7.75,0.5
Critical Analysis of Existing Research,8.0,0.39999999999999947
Critical Analysis of Existing Research,8.0,-1.0
Critical Analysis of Existing Research,7.5,-1.0
Critical Analysis of Existing Research,7.75,-0.5
Critical Analysis of Existing Research,7.75,0.5
Critical Analysis of Existing Research,7.75,-0.5
Critical Analysis of Existing Research,7.25,0.5
Critical Analysis of Existing Research,7.5,1.0
Proposal of New Research Directions or Questions,7.25,0.5
Proposal of New Research Directions or Questions,9.0,0.0
Proposal of New Research Directions or Questions,8.0,0.0
Proposal of New Research Directions or Questions,8.0,0.0
Proposal of New Research Directions or Questions,7.0,1.0
Proposal of New Research Directions or Questions,8.4,-1.2000000000000002
Proposal of New Research Directions or Questions,8.5,1.0
Proposal of New Research Directions or Questions,8.25,0.5
Proposal of New Research Directions or Questions,8.75,0.5
Proposal of New Research Directions or Questions,8.0,1.0
Proposal of New Research Directions or Questions,7.0,-1.0
Proposal of New Research Directions or Questions,8.5,1.0
Proposal of New Research Directions or Questions,8.0,-1.0
Proposal of New Research Directions or Questions,8.25,0.5
Proposal of New Research Directions or Questions,8.5,-1.0
Proposal of New Research Directions or Questions,8.0,0.0
Proposal of New Research Directions or Questions,7.5,0.0
Proposal of New Research Directions or Questions,8.0,0.0
Proposal of New Research Directions or Questions,8.75,0.5
Proposal of New Research Directions or Questions,7.5,0.0
Proposal of New Research Directions or Questions,7.75,0.5
Proposal of New Research Directions or Questions,8.25,0.5
Proposal of New Research Directions or Questions,7.75,-1.5
Proposal of New Research Directions or Questions,7.75,-0.5
Proposal of New Research Directions or Questions,7.0,-2.0
Proposal of New Research Directions or Questions,8.5,1.0
Proposal of New Research Directions or Questions,8.0,1.0
Proposal of New Research Directions or Questions,8.5,1.0
Proposal of New Research Directions or Questions,8.5,-1.0
Proposal of New Research Directions or Questions,6.75,-0.5
Proposal of New Research Directions or Questions,8.0,1.0
Proposal of New Research Directions or Questions,6.5,0.0
Proposal of New Research Directions or Questions,6.75,-1.5
Proposal of New Research Directions or Questions,8.5,1.0
Proposal of New Research Directions or Questions,8.5,1.0
Proposal of New Research Directions or Questions,7.75,1.5
Proposal of New Research Directions or Questions,9.0,0.0
Proposal of New Research Directions or Questions,8.25,-0.5
Proposal of New Research Directions or Questions,7.5,0.0
Proposal of New Research Directions or Questions,7.75,-1.5
Proposal of New Research Directions or Questions,7.75,-1.5
Proposal of New Research Directions or Questions,8.5,0.0
Proposal of New Research Directions or Questions,8.0,-1.0
Proposal of New Research Directions or Questions,8.5,1.0
Proposal of New Research Directions or Questions,7.75,-1.5
Proposal of New Research Directions or Questions,8.5,-1.0
Proposal of New Research Directions or Questions,8.5,-1.0
Proposal of New Research Directions or Questions,7.0,0.0
Proposal of New Research Directions or Questions,8.0,1.0
Proposal of New Research Directions or Questions,9.0,0.0
Proposal of New Research Directions or Questions,7.5,-1.0
Proposal of New Research Directions or Questions,6.5,0.0
Proposal of New Research Directions or Questions,9.0,0.0
Proposal of New Research Directions or Questions,8.25,-0.5
Proposal of New Research Directions or Questions,8.0,0.0
Proposal of New Research Directions or Questions,7.25,-1.5
Proposal of New Research Directions or Questions,7.25,-1.5
Proposal of New Research Directions or Questions,8.5,1.0
Proposal of New Research Directions or Questions,7.25,-0.5
Proposal of New Research Directions or Questions,8.5,-1.0
Proposal of New Research Directions or Questions,7.75,-2.5
Proposal of New Research Directions or Questions,7.75,0.5
Proposal of New Research Directions or Questions,8.25,0.5
Proposal of New Research Directions or Questions,8.0,-1.0
Proposal of New Research Directions or Questions,8.5,0.0
Proposal of New Research Directions or Questions,8.25,1.5
Proposal of New Research Directions or Questions,7.25,-1.5
Proposal of New Research Directions or Questions,8.25,0.5
Proposal of New Research Directions or Questions,7.5,1.0
Proposal of New Research Directions or Questions,8.0,1.0
Proposal of New Research Directions or Questions,7.0,-1.0
Proposal of New Research Directions or Questions,8.0,-1.0
Proposal of New Research Directions or Questions,8.25,-1.5
Proposal of New Research Directions or Questions,8.5,0.0
Proposal of New Research Directions or Questions,8.5,0.0
Proposal of New Research Directions or Questions,7.75,-0.5
Proposal of New Research Directions or Questions,8.5,0.0
Proposal of New Research Directions or Questions,6.75,1.5
Proposal of New Research Directions or Questions,8.75,0.5
Proposal of New Research Directions or Questions,7.5,1.0
Proposal of New Research Directions or Questions,7.5,1.0
Proposal of New Research Directions or Questions,8.0,-1.0
Proposal of New Research Directions or Questions,8.5,0.0
Proposal of New Research Directions or Questions,8.0,0.0
Proposal of New Research Directions or Questions,7.75,-1.5
Proposal of New Research Directions or Questions,8.0,-2.0
Proposal of New Research Directions or Questions,8.25,0.5
Proposal of New Research Directions or Questions,8.25,0.5
Proposal of New Research Directions or Questions,8.0,-2.0
Proposal of New Research Directions or Questions,7.0,0.0
Proposal of New Research Directions or Questions,8.0,1.0
Proposal of New Research Directions or Questions,7.25,-1.5
Proposal of New Research Directions or Questions,8.5,0.0
Proposal of New Research Directions or Questions,7.25,-1.5
Proposal of New Research Directions or Questions,8.0,0.0
Proposal of New Research Directions or Questions,8.25,0.5
Proposal of New Research Directions or Questions,7.25,-0.5
Proposal of New Research Directions or Questions,7.0,-1.0
Proposal of New Research Directions or Questions,8.55,1.299999999999999
Proposal of New Research Directions or Questions,7.5,0.0
Proposal of New Research Directions or Questions,7.25,-1.5
Proposal of New Research Directions or Questions,7.5,-1.0
Proposal of New Research Directions or Questions,7.5,1.0
Proposal of New Research Directions or Questions,7.75,0.5
Proposal of New Research Directions or Questions,7.75,-0.5
Proposal of New Research Directions or Questions,8.25,0.5
Proposal of New Research Directions or Questions,8.25,0.5
Proposal of New Research Directions or Questions,8.0,1.0
Proposal of New Research Directions or Questions,7.5,-1.0
Proposal of New Research Directions or Questions,7.5,-1.0
Proposal of New Research Directions or Questions,7.949999999999999,-0.2999999999999998
Proposal of New Research Directions or Questions,8.5,1.0
Proposal of New Research Directions or Questions,7.75,-1.5
Proposal of New Research Directions or Questions,7.5,0.0
Proposal of New Research Directions or Questions,6.75,-0.5
Proposal of New Research Directions or Questions,8.0,-1.0
Proposal of New Research Directions or Questions,7.75,-0.5
Proposal of New Research Directions or Questions,7.75,-1.5
Proposal of New Research Directions or Questions,8.25,0.5
Proposal of New Research Directions or Questions,9.0,-0.3999999999999986
Proposal of New Research Directions or Questions,7.0,-1.0
Proposal of New Research Directions or Questions,7.0,-1.0
Proposal of New Research Directions or Questions,9.0,0.0
Proposal of New Research Directions or Questions,7.25,0.5
Proposal of New Research Directions or Questions,7.3,-0.5999999999999996
Proposal of New Research Directions or Questions,8.0,0.0
Proposal of New Research Directions or Questions,9.0,0.0
Proposal of New Research Directions or Questions,8.25,-1.5
Proposal of New Research Directions or Questions,8.5,1.0
Proposal of New Research Directions or Questions,8.25,0.5
Proposal of New Research Directions or Questions,8.0,-1.0
Proposal of New Research Directions or Questions,8.25,0.5
Proposal of New Research Directions or Questions,8.25,-0.5
Proposal of New Research Directions or Questions,6.75,1.5
Proposal of New Research Directions or Questions,7.5,1.0
Proposal of New Research Directions or Questions,8.75,0.5
Proposal of New Research Directions or Questions,8.25,0.5
Proposal of New Research Directions or Questions,8.5,1.0
Proposal of New Research Directions or Questions,8.25,0.5
Proposal of New Research Directions or Questions,7.5,0.0
Proposal of New Research Directions or Questions,7.0,-1.0
Proposal of New Research Directions or Questions,8.0,0.0
Proposal of New Research Directions or Questions,7.5,2.0
Proposal of New Research Directions or Questions,8.5,1.0
Proposal of New Research Directions or Questions,8.5,-1.0
Proposal of New Research Directions or Questions,7.5,-1.0
Proposal of New Research Directions or Questions,8.5,-1.0
Proposal of New Research Directions or Questions,7.75,0.5
Proposal of New Research Directions or Questions,8.1,-0.1999999999999993
Proposal of New Research Directions or Questions,7.25,0.5
Proposal of New Research Directions or Questions,8.0,-1.0
Proposal of New Research Directions or Questions,7.75,-0.5
Proposal of New Research Directions or Questions,8.25,0.5
Proposal of New Research Directions or Questions,7.5,-1.0
Proposal of New Research Directions or Questions,8.0,-1.0
Proposal of New Research Directions or Questions,7.75,-1.5
Proposal of New Research Directions or Questions,7.75,-0.5
Proposal of New Research Directions or Questions,7.25,-0.5
Proposal of New Research Directions or Questions,8.0,-1.0
Proposal of New Research Directions or Questions,7.25,-1.5
Proposal of New Research Directions or Questions,8.5,1.0
Proposal of New Research Directions or Questions,7.5,-1.0
Proposal of New Research Directions or Questions,7.25,1.5
Proposal of New Research Directions or Questions,7.75,-0.5
Proposal of New Research Directions or Questions,6.0,0.0
Proposal of New Research Directions or Questions,7.25,0.5
Proposal of New Research Directions or Questions,7.5,-1.0
Proposal of New Research Directions or Questions,7.5,-1.0
Proposal of New Research Directions or Questions,8.75,0.5
Proposal of New Research Directions or Questions,7.5,1.0
Proposal of New Research Directions or Questions,8.25,0.5
Proposal of New Research Directions or Questions,8.25,-0.5
Proposal of New Research Directions or Questions,8.25,0.5
Proposal of New Research Directions or Questions,8.0,1.0
Proposal of New Research Directions or Questions,8.25,0.5
Proposal of New Research Directions or Questions,7.5,0.0
Proposal of New Research Directions or Questions,7.75,-0.5
Proposal of New Research Directions or Questions,7.25,-0.5
Proposal of New Research Directions or Questions,8.5,0.0
Proposal of New Research Directions or Questions,7.75,-1.5
Proposal of New Research Directions or Questions,8.25,-1.5
Proposal of New Research Directions or Questions,7.75,0.5
Proposal of New Research Directions or Questions,8.0,-1.0
Proposal of New Research Directions or Questions,7.75,0.5
Proposal of New Research Directions or Questions,7.75,-1.5
Proposal of New Research Directions or Questions,7.5,1.0
Proposal of New Research Directions or Questions,7.25,-2.5
Proposal of New Research Directions or Questions,8.25,-0.5
Proposal of New Research Directions or Questions,8.0,0.0
Proposal of New Research Directions or Questions,8.25,-0.5
Proposal of New Research Directions or Questions,8.25,1.5
Proposal of New Research Directions or Questions,7.5,1.0
Proposal of New Research Directions or Questions,8.0,1.0
Proposal of New Research Directions or Questions,6.75,-0.5
Proposal of New Research Directions or Questions,7.75,1.5
Proposal of New Research Directions or Questions,8.25,0.5
Proposal of New Research Directions or Questions,8.0,0.0
Proposal of New Research Directions or Questions,7.5,0.0
Proposal of New Research Directions or Questions,8.05,-0.09999999999999964
Proposal of New Research Directions or Questions,8.0,1.0
Proposal of New Research Directions or Questions,7.5,1.0
Proposal of New Research Directions or Questions,8.75,0.5
Proposal of New Research Directions or Questions,7.75,-0.5
Proposal of New Research Directions or Questions,9.0,0.0
Proposal of New Research Directions or Questions,7.25,-1.5
Proposal of New Research Directions or Questions,8.25,-0.5
Proposal of New Research Directions or Questions,8.5,1.0
Proposal of New Research Directions or Questions,7.25,-0.5
Proposal of New Research Directions or Questions,8.5,1.0
Proposal of New Research Directions or Questions,7.75,0.5
Proposal of New Research Directions or Questions,8.25,1.5
Proposal of New Research Directions or Questions,6.5,-3.0
Proposal of New Research Directions or Questions,6.5,-1.0
Proposal of New Research Directions or Questions,8.75,0.5
Proposal of New Research Directions or Questions,8.25,0.5
Proposal of New Research Directions or Questions,8.25,0.5
Proposal of New Research Directions or Questions,7.75,-1.5
Proposal of New Research Directions or Questions,9.0,0.0
Proposal of New Research Directions or Questions,8.0,-1.0
Proposal of New Research Directions or Questions,7.75,-1.5
Proposal of New Research Directions or Questions,8.25,0.5
Proposal of New Research Directions or Questions,8.25,0.5
Proposal of New Research Directions or Questions,7.5,-1.0
Proposal of New Research Directions or Questions,8.5,0.0
Proposal of New Research Directions or Questions,8.25,0.5
Proposal of New Research Directions or Questions,8.25,0.5
Proposal of New Research Directions or Questions,7.5,-1.0
Proposal of New Research Directions or Questions,7.75,0.5
Proposal of New Research Directions or Questions,8.0,0.0
Proposal of New Research Directions or Questions,8.5,0.0
Proposal of New Research Directions or Questions,6.25,-1.5
Proposal of New Research Directions or Questions,9.0,0.0
Proposal of New Research Directions or Questions,8.0,0.0
Proposal of New Research Directions or Questions,7.5,2.0
Proposal of New Research Directions or Questions,8.25,0.5
Proposal of New Research Directions or Questions,7.75,0.5
Proposal of New Research Directions or Questions,7.25,-1.5
Proposal of New Research Directions or Questions,7.75,1.5
Proposal of New Research Directions or Questions,,
Proposal of New Research Directions or Questions,7.0,-1.0
Proposal of New Research Directions or Questions,7.75,0.5
Proposal of New Research Directions or Questions,7.25,-0.5
Proposal of New Research Directions or Questions,7.5,-1.0
Proposal of New Research Directions or Questions,8.5,1.0
Proposal of New Research Directions or Questions,8.5,1.0
Proposal of New Research Directions or Questions,9.0,-1.0
Proposal of New Research Directions or Questions,7.0,-1.0
Proposal of New Research Directions or Questions,8.0,-1.0
Proposal of New Research Directions or Questions,8.0,1.0
Proposal of New Research Directions or Questions,9.0,0.0
Proposal of New Research Directions or Questions,8.5,0.0
Proposal of New Research Directions or Questions,8.5,0.0
Proposal of New Research Directions or Questions,8.0,0.0
Proposal of New Research Directions or Questions,8.5,0.0
Proposal of New Research Directions or Questions,8.0,-1.0
Proposal of New Research Directions or Questions,8.0,0.0
Proposal of New Research Directions or Questions,7.75,-0.5
Proposal of New Research Directions or Questions,9.0,0.0
Proposal of New Research Directions or Questions,7.75,0.5
Proposal of New Research Directions or Questions,7.5,-1.0
Proposal of New Research Directions or Questions,9.0,0.0
Proposal of New Research Directions or Questions,7.75,0.5
Proposal of New Research Directions or Questions,8.5,1.0
Proposal of New Research Directions or Questions,8.0,-1.0
Proposal of New Research Directions or Questions,8.25,-0.5
Proposal of New Research Directions or Questions,8.0,0.0
Proposal of New Research Directions or Questions,7.0,-1.0
Proposal of New Research Directions or Questions,7.75,-0.5
Proposal of New Research Directions or Questions,8.25,0.5
Proposal of New Research Directions or Questions,8.5,1.0
Proposal of New Research Directions or Questions,7.75,-1.5
Proposal of New Research Directions or Questions,8.0,0.0
Proposal of New Research Directions or Questions,8.5,1.0
Proposal of New Research Directions or Questions,9.0,0.0
Proposal of New Research Directions or Questions,7.5,0.0
Proposal of New Research Directions or Questions,7.5,0.0
Proposal of New Research Directions or Questions,8.25,-0.5
Proposal of New Research Directions or Questions,7.0,-1.0
Proposal of New Research Directions or Questions,8.0,-1.0
Proposal of New Research Directions or Questions,7.75,-1.5
Proposal of New Research Directions or Questions,8.0,-1.0
Proposal of New Research Directions or Questions,8.0,1.0
Proposal of New Research Directions or Questions,8.0,-1.0
Proposal of New Research Directions or Questions,7.25,-0.5
Proposal of New Research Directions or Questions,7.5,1.0
Proposal of New Research Directions or Questions,8.25,0.5
Proposal of New Research Directions or Questions,8.5,1.0
Proposal of New Research Directions or Questions,9.0,0.0
Proposal of New Research Directions or Questions,7.5,-1.0
Proposal of New Research Directions or Questions,7.75,-1.5
Proposal of New Research Directions or Questions,8.0,1.0
Proposal of New Research Directions or Questions,8.25,0.5
Proposal of New Research Directions or Questions,8.25,0.5
Proposal of New Research Directions or Questions,8.0,0.0
Proposal of New Research Directions or Questions,7.25,-1.5
Proposal of New Research Directions or Questions,5.75,-1.5
Proposal of New Research Directions or Questions,8.0,1.0
Proposal of New Research Directions or Questions,8.25,0.5
Proposal of New Research Directions or Questions,8.15,0.7000000000000002
Proposal of New Research Directions or Questions,8.25,0.5
Proposal of New Research Directions or Questions,7.5,0.0
Proposal of New Research Directions or Questions,7.25,-1.5
Proposal of New Research Directions or Questions,8.0,1.0
Proposal of New Research Directions or Questions,8.0,-1.0
Proposal of New Research Directions or Questions,7.75,-0.5
Proposal of New Research Directions or Questions,6.75,-1.5
Proposal of New Research Directions or Questions,8.5,-1.0
Proposal of New Research Directions or Questions,7.75,-1.5
Proposal of New Research Directions or Questions,7.5,1.0
Proposal of New Research Directions or Questions,7.75,-1.5
Proposal of New Research Directions or Questions,8.5,0.0
Proposal of New Research Directions or Questions,8.25,-0.5
Proposal of New Research Directions or Questions,7.75,-1.5
Proposal of New Research Directions or Questions,7.75,-0.5
Proposal of New Research Directions or Questions,7.75,1.5
Proposal of New Research Directions or Questions,7.75,0.5
Proposal of New Research Directions or Questions,9.0,0.0
Proposal of New Research Directions or Questions,7.5,-1.0
Proposal of New Research Directions or Questions,8.0,0.0
Proposal of New Research Directions or Questions,9.0,0.0
Proposal of New Research Directions or Questions,9.0,0.0
Proposal of New Research Directions or Questions,7.75,0.5
Proposal of New Research Directions or Questions,7.75,1.5
Proposal of New Research Directions or Questions,7.0,-1.0
Proposal of New Research Directions or Questions,7.75,0.5
Proposal of New Research Directions or Questions,8.25,0.5
Proposal of New Research Directions or Questions,6.0,0.0
Proposal of New Research Directions or Questions,8.0,0.0
Proposal of New Research Directions or Questions,8.0,0.0
Proposal of New Research Directions or Questions,8.5,0.0
Proposal of New Research Directions or Questions,8.0,-1.0
Proposal of New Research Directions or Questions,7.5,3.0
Proposal of New Research Directions or Questions,8.5,0.0
Proposal of New Research Directions or Questions,7.5,-1.0
Proposal of New Research Directions or Questions,9.0,0.0
Proposal of New Research Directions or Questions,7.0,1.0
Proposal of New Research Directions or Questions,8.5,1.0
Proposal of New Research Directions or Questions,7.75,-1.5
Proposal of New Research Directions or Questions,7.25,-1.5
Proposal of New Research Directions or Questions,8.25,0.5
Proposal of New Research Directions or Questions,7.5,-1.0
Proposal of New Research Directions or Questions,8.25,0.5
Proposal of New Research Directions or Questions,7.75,-1.5
Proposal of New Research Directions or Questions,7.75,0.5
Proposal of New Research Directions or Questions,8.0,1.0
Proposal of New Research Directions or Questions,8.25,-0.5
Proposal of New Research Directions or Questions,8.0,0.0
Proposal of New Research Directions or Questions,8.25,0.5
Proposal of New Research Directions or Questions,8.0,0.0
Proposal of New Research Directions or Questions,8.25,0.5
Proposal of New Research Directions or Questions,8.75,0.5
Proposal of New Research Directions or Questions,7.0,-1.0
Proposal of New Research Directions or Questions,9.0,0.0
Proposal of New Research Directions or Questions,8.75,-1.5
Proposal of New Research Directions or Questions,9.0,0.0
Proposal of New Research Directions or Questions,7.75,-0.5
Proposal of New Research Directions or Questions,8.25,-1.5
Proposal of New Research Directions or Questions,7.0,0.0
Proposal of New Research Directions or Questions,7.5,1.0
Proposal of New Research Directions or Questions,7.75,1.5
Proposal of New Research Directions or Questions,7.5,0.0
Proposal of New Research Directions or Questions,7.75,1.5
Proposal of New Research Directions or Questions,7.75,-1.5
Proposal of New Research Directions or Questions,8.5,1.0
Proposal of New Research Directions or Questions,8.0,-1.0
Proposal of New Research Directions or Questions,8.0,1.0
Proposal of New Research Directions or Questions,7.75,0.5
Proposal of New Research Directions or Questions,8.5,0.0
Proposal of New Research Directions or Questions,7.5,1.0
Proposal of New Research Directions or Questions,6.75,-1.5
Proposal of New Research Directions or Questions,7.75,-0.5
Proposal of New Research Directions or Questions,7.75,0.5
Proposal of New Research Directions or Questions,8.5,1.0
Proposal of New Research Directions or Questions,8.0,1.0
Proposal of New Research Directions or Questions,8.25,0.5
Proposal of New Research Directions or Questions,8.0,-1.0
Proposal of New Research Directions or Questions,7.75,1.5
Proposal of New Research Directions or Questions,8.75,-0.5
Proposal of New Research Directions or Questions,8.25,-1.5
Proposal of New Research Directions or Questions,7.5,1.0
Proposal of New Research Directions or Questions,8.75,0.5
Proposal of New Research Directions or Questions,8.5,1.0
Proposal of New Research Directions or Questions,8.25,0.5
Proposal of New Research Directions or Questions,7.75,-1.5
Proposal of New Research Directions or Questions,8.75,0.5
Proposal of New Research Directions or Questions,7.25,-1.5
Proposal of New Research Directions or Questions,8.0,-1.0
Proposal of New Research Directions or Questions,7.75,-1.5
Proposal of New Research Directions or Questions,8.5,1.0
Proposal of New Research Directions or Questions,8.0,-1.0
Proposal of New Research Directions or Questions,8.0,1.0
Proposal of New Research Directions or Questions,8.5,0.0
Proposal of New Research Directions or Questions,8.5,0.0
Proposal of New Research Directions or Questions,8.25,0.5
Proposal of New Research Directions or Questions,8.0,1.0
Proposal of New Research Directions or Questions,7.25,1.5
Proposal of New Research Directions or Questions,8.25,0.5
Proposal of New Research Directions or Questions,9.0,0.0
Proposal of New Research Directions or Questions,7.75,-1.5
Proposal of New Research Directions or Questions,7.5,0.0
Proposal of New Research Directions or Questions,8.0,-1.0
Proposal of New Research Directions or Questions,7.5,-1.0
Proposal of New Research Directions or Questions,7.0,-1.0
Proposal of New Research Directions or Questions,7.25,0.5
Proposal of New Research Directions or Questions,8.0,-1.0
Proposal of New Research Directions or Questions,8.0,-1.0
Proposal of New Research Directions or Questions,8.5,0.0
Proposal of New Research Directions or Questions,8.0,-1.0
Proposal of New Research Directions or Questions,7.75,0.5
Proposal of New Research Directions or Questions,8.25,0.5
Proposal of New Research Directions or Questions,7.5,-1.0
Proposal of New Research Directions or Questions,8.5,-1.0
Proposal of New Research Directions or Questions,8.0,1.0
Proposal of New Research Directions or Questions,7.5,0.0
Proposal of New Research Directions or Questions,8.75,0.5
Proposal of New Research Directions or Questions,7.0,1.0
Proposal of New Research Directions or Questions,8.25,-1.5
Proposal of New Research Directions or Questions,9.0,0.0
Proposal of New Research Directions or Questions,8.0,0.0
Proposal of New Research Directions or Questions,8.25,-1.5
Proposal of New Research Directions or Questions,7.5,0.0
Proposal of New Research Directions or Questions,8.25,0.5
Proposal of New Research Directions or Questions,8.25,0.5
Proposal of New Research Directions or Questions,8.25,0.5
Proposal of New Research Directions or Questions,7.5,-1.0
Proposal of New Research Directions or Questions,7.25,-0.5
Proposal of New Research Directions or Questions,8.0,0.0
Proposal of New Research Directions or Questions,8.0,1.0
Proposal of New Research Directions or Questions,8.5,-1.0
Proposal of New Research Directions or Questions,8.25,0.5
Proposal of New Research Directions or Questions,7.75,0.5
Proposal of New Research Directions or Questions,7.75,0.5
Proposal of New Research Directions or Questions,8.25,-0.5
Proposal of New Research Directions or Questions,7.75,-0.5
Proposal of New Research Directions or Questions,8.5,1.0
Proposal of New Research Directions or Questions,8.5,1.0
Proposal of New Research Directions or Questions,7.5,-1.0
Proposal of New Research Directions or Questions,8.5,1.0
Proposal of New Research Directions or Questions,8.25,-0.5
Proposal of New Research Directions or Questions,7.5,0.0
Proposal of New Research Directions or Questions,7.0,0.0
Proposal of New Research Directions or Questions,8.850000000000001,0.09999999999999964
Proposal of New Research Directions or Questions,8.5,1.0
Proposal of New Research Directions or Questions,8.5,0.0
Proposal of New Research Directions or Questions,7.8,0.0
Proposal of New Research Directions or Questions,7.5,1.0
Proposal of New Research Directions or Questions,8.0,-1.0
Proposal of New Research Directions or Questions,7.0,-1.0
Proposal of New Research Directions or Questions,7.5,0.0
Proposal of New Research Directions or Questions,7.25,1.5
Proposal of New Research Directions or Questions,8.5,1.0
Proposal of New Research Directions or Questions,8.5,0.0
Proposal of New Research Directions or Questions,7.5,-1.0
Proposal of New Research Directions or Questions,7.75,-0.5
Proposal of New Research Directions or Questions,7.75,-0.5
Proposal of New Research Directions or Questions,7.0,-1.0
Proposal of New Research Directions or Questions,7.75,-0.5
Proposal of New Research Directions or Questions,7.75,-1.5
Proposal of New Research Directions or Questions,7.5,1.0
Proposal of New Research Directions or Questions,7.75,1.5
Proposal of New Research Directions or Questions,8.25,-1.5
Proposal of New Research Directions or Questions,7.75,-0.5
Proposal of New Research Directions or Questions,8.25,-0.5
Proposal of New Research Directions or Questions,9.0,0.0
Proposal of New Research Directions or Questions,8.5,0.0
Proposal of New Research Directions or Questions,8.5,1.0
Proposal of New Research Directions or Questions,8.5,0.0
Proposal of New Research Directions or Questions,6.25,-0.5
Proposal of New Research Directions or Questions,9.0,0.0
Proposal of New Research Directions or Questions,8.5,1.0
Proposal of New Research Directions or Questions,8.75,0.5
Proposal of New Research Directions or Questions,8.25,-0.5
Proposal of New Research Directions or Questions,7.75,-0.5
Proposal of New Research Directions or Questions,7.25,1.5
Proposal of New Research Directions or Questions,7.75,1.5
Proposal of New Research Directions or Questions,7.5,-1.0
Proposal of New Research Directions or Questions,6.5,0.0
Proposal of New Research Directions or Questions,6.5,-1.0
Proposal of New Research Directions or Questions,8.25,0.5
Proposal of New Research Directions or Questions,7.25,-0.5
Proposal of New Research Directions or Questions,8.0,0.0
Proposal of New Research Directions or Questions,8.0,0.0
Proposal of New Research Directions or Questions,8.0,1.0
Proposal of New Research Directions or Questions,7.0,0.0
Proposal of New Research Directions or Questions,7.75,-1.5
Proposal of New Research Directions or Questions,7.75,0.5
Proposal of New Research Directions or Questions,7.0,-2.0
Proposal of New Research Directions or Questions,8.25,-0.5
Proposal of New Research Directions or Questions,7.0,-1.0
Proposal of New Research Directions or Questions,7.75,-1.5
Proposal of New Research Directions or Questions,8.5,1.0
Proposal of New Research Directions or Questions,9.0,0.0
Proposal of New Research Directions or Questions,7.5,0.0
Proposal of New Research Directions or Questions,8.0,0.0
Proposal of New Research Directions or Questions,8.25,0.5
Proposal of New Research Directions or Questions,7.75,-1.5
Proposal of New Research Directions or Questions,8.5,-1.0
Proposal of New Research Directions or Questions,7.75,0.5
Proposal of New Research Directions or Questions,8.5,0.0
Proposal of New Research Directions or Questions,8.25,0.5
Proposal of New Research Directions or Questions,8.25,0.5
Proposal of New Research Directions or Questions,7.75,0.5
Proposal of New Research Directions or Questions,8.0,-1.0
Proposal of New Research Directions or Questions,7.75,-0.5
Proposal of New Research Directions or Questions,7.25,-1.5
Proposal of New Research Directions or Questions,7.5,1.0
Proposal of New Research Directions or Questions,7.0,-1.0
Proposal of New Research Directions or Questions,8.0,1.0
Proposal of New Research Directions or Questions,7.75,-1.5
Proposal of New Research Directions or Questions,7.5,0.0
Proposal of New Research Directions or Questions,8.0,-1.0
Proposal of New Research Directions or Questions,8.25,-1.5
Proposal of New Research Directions or Questions,7.75,-1.5
Proposal of New Research Directions or Questions,7.0,-2.0
Proposal of New Research Directions or Questions,8.5,1.0
Proposal of New Research Directions or Questions,8.0,0.0
Proposal of New Research Directions or Questions,7.75,-1.5
Proposal of New Research Directions or Questions,8.0,0.0
Proposal of New Research Directions or Questions,8.0,-1.0
Proposal of New Research Directions or Questions,7.5,0.0
Proposal of New Research Directions or Questions,7.5,-1.0
Proposal of New Research Directions or Questions,7.5,-1.0
Proposal of New Research Directions or Questions,8.5,0.0
Proposal of New Research Directions or Questions,8.25,0.5
Proposal of New Research Directions or Questions,6.5,0.0
Proposal of New Research Directions or Questions,8.25,1.5
Proposal of New Research Directions or Questions,8.0,0.0
Proposal of New Research Directions or Questions,7.75,1.5
Proposal of New Research Directions or Questions,8.25,0.5
Proposal of New Research Directions or Questions,8.75,0.5
Proposal of New Research Directions or Questions,6.25,0.5
Proposal of New Research Directions or Questions,8.25,0.5
Proposal of New Research Directions or Questions,8.25,-1.5
Proposal of New Research Directions or Questions,8.0,0.0
Proposal of New Research Directions or Questions,7.5,1.0
Proposal of New Research Directions or Questions,7.5,1.0
Proposal of New Research Directions or Questions,8.5,-1.0
Proposal of New Research Directions or Questions,7.5,-1.0
Proposal of New Research Directions or Questions,7.25,-1.5
Proposal of New Research Directions or Questions,8.25,0.5
Proposal of New Research Directions or Questions,6.25,-0.5
Proposal of New Research Directions or Questions,8.25,0.5
Proposal of New Research Directions or Questions,8.25,0.5
Proposal of New Research Directions or Questions,7.75,-1.5
Proposal of New Research Directions or Questions,8.0,-1.0
Proposal of New Research Directions or Questions,7.75,-0.5
Proposal of New Research Directions or Questions,8.75,0.5
Proposal of New Research Directions or Questions,7.75,-1.5
Proposal of New Research Directions or Questions,8.25,0.5
Proposal of New Research Directions or Questions,8.5,1.0
Potential Contribution to the Field,7.25,0.5
Potential Contribution to the Field,8.0,0.0
Potential Contribution to the Field,7.0,0.0
Potential Contribution to the Field,7.6,0.0
Potential Contribution to the Field,7.0,1.0
Potential Contribution to the Field,8.05,-0.29999999999999893
Potential Contribution to the Field,7.5,1.0
Potential Contribution to the Field,7.75,0.5
Potential Contribution to the Field,7.75,0.5
Potential Contribution to the Field,7.25,0.5
Potential Contribution to the Field,7.5,-1.0
Potential Contribution to the Field,7.5,1.0
Potential Contribution to the Field,8.0,-1.0
Potential Contribution to the Field,7.75,0.5
Potential Contribution to the Field,8.5,-1.0
Potential Contribution to the Field,8.0,0.0
Potential Contribution to the Field,7.5,0.0
Potential Contribution to the Field,8.0,0.0
Potential Contribution to the Field,8.0,0.0
Potential Contribution to the Field,7.5,0.0
Potential Contribution to the Field,7.5,0.0
Potential Contribution to the Field,7.5,0.0
Potential Contribution to the Field,8.0,-1.0
Potential Contribution to the Field,8.25,-0.5
Potential Contribution to the Field,7.5,-1.0
Potential Contribution to the Field,7.5,1.0
Potential Contribution to the Field,7.5,1.0
Potential Contribution to the Field,7.75,0.5
Potential Contribution to the Field,8.5,-1.0
Potential Contribution to the Field,7.5,0.0
Potential Contribution to the Field,7.5,1.0
Potential Contribution to the Field,6.5,0.0
Potential Contribution to the Field,8.0,-1.0
Potential Contribution to the Field,8.25,0.5
Potential Contribution to the Field,7.5,1.0
Potential Contribution to the Field,7.5,1.0
Potential Contribution to the Field,8.0,0.0
Potential Contribution to the Field,7.5,0.0
Potential Contribution to the Field,7.5,0.0
Potential Contribution to the Field,7.75,-0.5
Potential Contribution to the Field,7.75,-0.5
Potential Contribution to the Field,7.5,0.0
Potential Contribution to the Field,8.0,0.0
Potential Contribution to the Field,7.75,0.5
Potential Contribution to the Field,7.75,-0.5
Potential Contribution to the Field,8.0,-1.0
Potential Contribution to the Field,7.5,-1.0
Potential Contribution to the Field,6.5,0.0
Potential Contribution to the Field,7.5,1.0
Potential Contribution to the Field,8.0,0.0
Potential Contribution to the Field,8.0,-1.0
Potential Contribution to the Field,7.0,0.0
Potential Contribution to the Field,7.5,1.0
Potential Contribution to the Field,7.75,-0.5
Potential Contribution to the Field,7.5,0.0
Potential Contribution to the Field,7.75,-1.5
Potential Contribution to the Field,8.0,-1.0
Potential Contribution to the Field,8.25,0.5
Potential Contribution to the Field,7.25,-0.5
Potential Contribution to the Field,7.75,-0.5
Potential Contribution to the Field,8.0,-1.0
Potential Contribution to the Field,7.5,0.0
Potential Contribution to the Field,7.75,0.5
Potential Contribution to the Field,7.75,-0.5
Potential Contribution to the Field,8.0,0.0
Potential Contribution to the Field,7.5,1.0
Potential Contribution to the Field,7.75,-1.5
Potential Contribution to the Field,7.5,0.0
Potential Contribution to the Field,7.75,0.5
Potential Contribution to the Field,7.5,1.0
Potential Contribution to the Field,8.0,-1.0
Potential Contribution to the Field,8.0,-1.0
Potential Contribution to the Field,8.0,-1.0
Potential Contribution to the Field,8.0,0.0
Potential Contribution to the Field,8.0,0.0
Potential Contribution to the Field,7.75,-0.5
Potential Contribution to the Field,7.5,0.0
Potential Contribution to the Field,7.25,1.5
Potential Contribution to the Field,7.75,0.5
Potential Contribution to the Field,7.5,1.0
Potential Contribution to the Field,7.25,1.5
Potential Contribution to the Field,8.0,-1.0
Potential Contribution to the Field,7.5,0.0
Potential Contribution to the Field,7.5,0.0
Potential Contribution to the Field,7.75,-0.5
Potential Contribution to the Field,7.5,-1.0
Potential Contribution to the Field,7.75,0.5
Potential Contribution to the Field,7.25,0.5
Potential Contribution to the Field,8.25,-0.5
Potential Contribution to the Field,7.0,0.0
Potential Contribution to the Field,7.5,1.0
Potential Contribution to the Field,7.75,-0.5
Potential Contribution to the Field,8.0,0.0
Potential Contribution to the Field,7.5,-1.0
Potential Contribution to the Field,7.5,0.0
Potential Contribution to the Field,7.75,0.5
Potential Contribution to the Field,7.25,-0.5
Potential Contribution to the Field,8.0,-1.0
Potential Contribution to the Field,8.0,0.6000000000000005
Potential Contribution to the Field,7.5,0.0
Potential Contribution to the Field,7.5,-1.0
Potential Contribution to the Field,8.0,-1.0
Potential Contribution to the Field,7.5,1.0
Potential Contribution to the Field,7.75,0.5
Potential Contribution to the Field,7.75,-0.5
Potential Contribution to the Field,7.75,0.5
Potential Contribution to the Field,7.75,0.5
Potential Contribution to the Field,7.5,1.0
Potential Contribution to the Field,7.75,-0.5
Potential Contribution to the Field,8.0,-1.0
Potential Contribution to the Field,7.75,-0.3000000000000007
Potential Contribution to the Field,7.5,1.0
Potential Contribution to the Field,7.75,0.5
Potential Contribution to the Field,7.5,0.0
Potential Contribution to the Field,7.25,-0.5
Potential Contribution to the Field,7.75,-0.5
Potential Contribution to the Field,8.0,-1.0
Potential Contribution to the Field,7.75,-0.5
Potential Contribution to the Field,7.75,0.5
Potential Contribution to the Field,8.5,-0.1999999999999993
Potential Contribution to the Field,7.75,0.5
Potential Contribution to the Field,8.0,-1.0
Potential Contribution to the Field,8.0,0.0
Potential Contribution to the Field,6.75,0.5
Potential Contribution to the Field,8.1,-0.6000000000000005
Potential Contribution to the Field,7.5,0.0
Potential Contribution to the Field,8.0,0.0
Potential Contribution to the Field,8.25,-0.5
Potential Contribution to the Field,7.75,0.5
Potential Contribution to the Field,7.25,0.5
Potential Contribution to the Field,8.0,-1.0
Potential Contribution to the Field,7.75,0.5
Potential Contribution to the Field,7.75,-0.5
Potential Contribution to the Field,7.25,0.5
Potential Contribution to the Field,7.5,1.0
Potential Contribution to the Field,7.75,0.5
Potential Contribution to the Field,7.25,0.5
Potential Contribution to the Field,7.75,0.5
Potential Contribution to the Field,7.25,0.5
Potential Contribution to the Field,8.0,0.0
Potential Contribution to the Field,7.0,-1.0
Potential Contribution to the Field,7.5,0.0
Potential Contribution to the Field,7.5,1.0
Potential Contribution to the Field,7.75,0.5
Potential Contribution to the Field,8.0,-1.0
Potential Contribution to the Field,7.5,-1.0
Potential Contribution to the Field,9.0,-1.0
Potential Contribution to the Field,7.75,0.5
Potential Contribution to the Field,7.75,-0.5
Potential Contribution to the Field,7.75,0.5
Potential Contribution to the Field,7.75,-0.5
Potential Contribution to the Field,7.75,-0.5
Potential Contribution to the Field,7.5,0.0
Potential Contribution to the Field,8.5,-1.0
Potential Contribution to the Field,8.0,-1.0
Potential Contribution to the Field,8.0,-1.0
Potential Contribution to the Field,7.5,0.0
Potential Contribution to the Field,7.75,-0.5
Potential Contribution to the Field,8.5,-1.0
Potential Contribution to the Field,8.0,-1.0
Potential Contribution to the Field,7.75,0.5
Potential Contribution to the Field,8.0,-1.0
Potential Contribution to the Field,7.0,1.0
Potential Contribution to the Field,7.25,-0.5
Potential Contribution to the Field,7.0,0.0
Potential Contribution to the Field,7.25,0.5
Potential Contribution to the Field,8.0,-1.0
Potential Contribution to the Field,8.0,0.0
Potential Contribution to the Field,8.25,0.5
Potential Contribution to the Field,7.75,0.5
Potential Contribution to the Field,7.75,0.5
Potential Contribution to the Field,7.75,-0.5
Potential Contribution to the Field,7.75,0.5
Potential Contribution to the Field,7.5,1.0
Potential Contribution to the Field,7.75,0.5
Potential Contribution to the Field,7.5,0.0
Potential Contribution to the Field,7.75,-0.5
Potential Contribution to the Field,7.75,-0.5
Potential Contribution to the Field,8.0,0.0
Potential Contribution to the Field,8.0,-1.0
Potential Contribution to the Field,8.25,-0.5
Potential Contribution to the Field,7.25,0.5
Potential Contribution to the Field,8.0,-1.0
Potential Contribution to the Field,7.5,0.0
Potential Contribution to the Field,7.0,-1.0
Potential Contribution to the Field,6.5,1.0
Potential Contribution to the Field,7.75,-0.5
Potential Contribution to the Field,7.75,-0.5
Potential Contribution to the Field,7.5,0.0
Potential Contribution to the Field,7.75,-0.5
Potential Contribution to the Field,8.0,1.0
Potential Contribution to the Field,7.0,1.0
Potential Contribution to the Field,7.5,1.0
Potential Contribution to the Field,7.75,-0.5
Potential Contribution to the Field,7.75,0.5
Potential Contribution to the Field,7.75,0.5
Potential Contribution to the Field,7.5,0.0
Potential Contribution to the Field,7.5,0.0
Potential Contribution to the Field,7.65,-0.10000000000000053
Potential Contribution to the Field,7.75,-0.5
Potential Contribution to the Field,7.5,1.0
Potential Contribution to the Field,7.75,0.5
Potential Contribution to the Field,7.75,-0.5
Potential Contribution to the Field,8.0,0.0
Potential Contribution to the Field,8.0,-1.0
Potential Contribution to the Field,7.75,-0.5
Potential Contribution to the Field,7.75,0.5
Potential Contribution to the Field,7.75,-0.5
Potential Contribution to the Field,7.5,1.0
Potential Contribution to the Field,7.75,0.5
Potential Contribution to the Field,7.5,1.0
Potential Contribution to the Field,7.5,-1.0
Potential Contribution to the Field,7.5,-1.0
Potential Contribution to the Field,7.75,0.5
Potential Contribution to the Field,7.75,0.5
Potential Contribution to the Field,7.85,0.2999999999999998
Potential Contribution to the Field,8.0,-1.0
Potential Contribution to the Field,8.0,0.0
Potential Contribution to the Field,8.25,-0.5
Potential Contribution to the Field,8.0,-1.0
Potential Contribution to the Field,7.75,0.5
Potential Contribution to the Field,7.75,0.5
Potential Contribution to the Field,8.0,-1.0
Potential Contribution to the Field,8.0,0.0
Potential Contribution to the Field,7.75,0.5
Potential Contribution to the Field,7.75,0.5
Potential Contribution to the Field,8.0,-1.0
Potential Contribution to the Field,7.25,0.5
Potential Contribution to the Field,8.0,0.0
Potential Contribution to the Field,7.5,0.0
Potential Contribution to the Field,7.25,-1.5
Potential Contribution to the Field,8.0,0.0
Potential Contribution to the Field,7.5,0.0
Potential Contribution to the Field,7.5,1.0
Potential Contribution to the Field,7.75,0.5
Potential Contribution to the Field,7.5,0.0
Potential Contribution to the Field,7.5,0.0
Potential Contribution to the Field,7.25,1.5
Potential Contribution to the Field,,
Potential Contribution to the Field,7.75,-0.5
Potential Contribution to the Field,7.5,0.0
Potential Contribution to the Field,7.75,-0.5
Potential Contribution to the Field,8.0,-1.0
Potential Contribution to the Field,7.5,1.0
Potential Contribution to the Field,7.75,0.5
Potential Contribution to the Field,9.0,-1.0
Potential Contribution to the Field,8.0,-1.0
Potential Contribution to the Field,7.75,-1.5
Potential Contribution to the Field,7.5,1.0
Potential Contribution to the Field,8.0,0.0
Potential Contribution to the Field,8.0,0.0
Potential Contribution to the Field,8.0,0.0
Potential Contribution to the Field,7.5,0.0
Potential Contribution to the Field,8.0,0.0
Potential Contribution to the Field,8.0,-1.0
Potential Contribution to the Field,7.5,0.0
Potential Contribution to the Field,7.75,-0.5
Potential Contribution to the Field,8.0,0.0
Potential Contribution to the Field,7.5,0.0
Potential Contribution to the Field,7.75,-0.5
Potential Contribution to the Field,8.0,0.0
Potential Contribution to the Field,7.25,0.5
Potential Contribution to the Field,7.5,1.0
Potential Contribution to the Field,8.25,-0.5
Potential Contribution to the Field,7.75,-0.5
Potential Contribution to the Field,7.5,0.0
Potential Contribution to the Field,7.0,-1.0
Potential Contribution to the Field,7.75,-0.5
Potential Contribution to the Field,7.5,0.0
Potential Contribution to the Field,7.5,1.0
Potential Contribution to the Field,8.0,-1.0
Potential Contribution to the Field,7.5,0.0
Potential Contribution to the Field,7.5,1.0
Potential Contribution to the Field,8.0,0.0
Potential Contribution to the Field,8.0,0.0
Potential Contribution to the Field,8.0,0.0
Potential Contribution to the Field,7.75,-0.5
Potential Contribution to the Field,7.5,-1.0
Potential Contribution to the Field,8.25,-0.5
Potential Contribution to the Field,8.25,0.5
Potential Contribution to the Field,8.0,-1.0
Potential Contribution to the Field,7.5,1.0
Potential Contribution to the Field,8.0,-1.0
Potential Contribution to the Field,7.25,-0.5
Potential Contribution to the Field,7.75,0.5
Potential Contribution to the Field,7.5,0.0
Potential Contribution to the Field,7.5,1.0
Potential Contribution to the Field,8.0,0.0
Potential Contribution to the Field,8.0,-1.0
Potential Contribution to the Field,8.0,-1.0
Potential Contribution to the Field,7.75,0.5
Potential Contribution to the Field,7.75,0.5
Potential Contribution to the Field,7.25,0.5
Potential Contribution to the Field,7.5,0.0
Potential Contribution to the Field,7.5,-1.0
Potential Contribution to the Field,7.5,-1.0
Potential Contribution to the Field,8.0,1.0
Potential Contribution to the Field,7.75,0.5
Potential Contribution to the Field,7.7,0.5999999999999996
Potential Contribution to the Field,7.5,0.0
Potential Contribution to the Field,8.0,0.0
Potential Contribution to the Field,8.0,-1.0
Potential Contribution to the Field,7.5,1.0
Potential Contribution to the Field,8.0,-1.0
Potential Contribution to the Field,8.25,-0.5
Potential Contribution to the Field,7.5,-1.0
Potential Contribution to the Field,8.0,-1.0
Potential Contribution to the Field,8.5,-1.0
Potential Contribution to the Field,7.5,1.0
Potential Contribution to the Field,8.0,-1.0
Potential Contribution to the Field,8.5,0.0
Potential Contribution to the Field,7.75,-0.5
Potential Contribution to the Field,7.5,-1.0
Potential Contribution to the Field,7.75,-0.5
Potential Contribution to the Field,7.5,1.0
Potential Contribution to the Field,7.25,0.5
Potential Contribution to the Field,8.0,0.0
Potential Contribution to the Field,8.0,-1.0
Potential Contribution to the Field,7.5,0.0
Potential Contribution to the Field,8.0,0.0
Potential Contribution to the Field,8.0,0.0
Potential Contribution to the Field,7.75,0.5
Potential Contribution to the Field,7.75,0.5
Potential Contribution to the Field,8.0,-1.0
Potential Contribution to the Field,7.75,0.5
Potential Contribution to the Field,7.75,0.5
Potential Contribution to the Field,7.0,0.0
Potential Contribution to the Field,7.5,0.0
Potential Contribution to the Field,7.5,0.0
Potential Contribution to the Field,7.5,0.0
Potential Contribution to the Field,8.0,-1.0
Potential Contribution to the Field,7.25,1.5
Potential Contribution to the Field,7.5,0.0
Potential Contribution to the Field,8.0,-1.0
Potential Contribution to the Field,8.0,0.0
Potential Contribution to the Field,7.75,0.5
Potential Contribution to the Field,7.75,0.5
Potential Contribution to the Field,7.75,-0.5
Potential Contribution to the Field,8.0,-1.0
Potential Contribution to the Field,7.75,0.5
Potential Contribution to the Field,7.75,-0.5
Potential Contribution to the Field,7.75,0.5
Potential Contribution to the Field,7.75,-0.5
Potential Contribution to the Field,7.75,0.5
Potential Contribution to the Field,7.5,1.0
Potential Contribution to the Field,7.5,-1.0
Potential Contribution to the Field,7.5,0.0
Potential Contribution to the Field,7.75,0.5
Potential Contribution to the Field,7.5,0.0
Potential Contribution to the Field,7.75,0.5
Potential Contribution to the Field,7.75,0.5
Potential Contribution to the Field,7.75,-0.5
Potential Contribution to the Field,8.0,0.0
Potential Contribution to the Field,8.5,-1.0
Potential Contribution to the Field,8.0,0.0
Potential Contribution to the Field,7.75,-0.5
Potential Contribution to the Field,8.25,-0.5
Potential Contribution to the Field,7.0,0.0
Potential Contribution to the Field,7.25,0.5
Potential Contribution to the Field,7.75,0.5
Potential Contribution to the Field,7.5,0.0
Potential Contribution to the Field,7.5,1.0
Potential Contribution to the Field,8.0,-1.0
Potential Contribution to the Field,7.5,1.0
Potential Contribution to the Field,7.75,-0.5
Potential Contribution to the Field,7.25,0.5
Potential Contribution to the Field,7.25,0.5
Potential Contribution to the Field,8.0,0.0
Potential Contribution to the Field,7.5,1.0
Potential Contribution to the Field,7.5,-1.0
Potential Contribution to the Field,7.75,-0.5
Potential Contribution to the Field,7.5,1.0
Potential Contribution to the Field,7.5,1.0
Potential Contribution to the Field,7.75,0.5
Potential Contribution to the Field,7.75,0.5
Potential Contribution to the Field,7.75,0.5
Potential Contribution to the Field,7.5,1.0
Potential Contribution to the Field,8.25,-0.5
Potential Contribution to the Field,8.0,-1.0
Potential Contribution to the Field,7.25,0.5
Potential Contribution to the Field,7.75,0.5
Potential Contribution to the Field,8.0,0.0
Potential Contribution to the Field,8.0,0.0
Potential Contribution to the Field,8.0,-1.0
Potential Contribution to the Field,8.0,0.0
Potential Contribution to the Field,7.5,-1.0
Potential Contribution to the Field,7.75,-0.5
Potential Contribution to the Field,8.0,-1.0
Potential Contribution to the Field,7.5,1.0
Potential Contribution to the Field,8.0,-1.0
Potential Contribution to the Field,7.5,1.0
Potential Contribution to the Field,7.5,0.0
Potential Contribution to the Field,7.5,0.0
Potential Contribution to the Field,7.75,0.5
Potential Contribution to the Field,7.5,1.0
Potential Contribution to the Field,7.25,1.5
Potential Contribution to the Field,8.25,0.5
Potential Contribution to the Field,8.0,0.0
Potential Contribution to the Field,8.0,-1.0
Potential Contribution to the Field,7.5,0.0
Potential Contribution to the Field,8.25,-0.5
Potential Contribution to the Field,8.0,-1.0
Potential Contribution to the Field,7.25,-0.5
Potential Contribution to the Field,7.75,0.5
Potential Contribution to the Field,7.0,-1.0
Potential Contribution to the Field,8.0,-1.0
Potential Contribution to the Field,7.5,0.0
Potential Contribution to the Field,8.25,-0.5
Potential Contribution to the Field,7.25,0.5
Potential Contribution to the Field,7.25,0.5
Potential Contribution to the Field,7.75,-0.5
Potential Contribution to the Field,8.25,-0.5
Potential Contribution to the Field,7.5,1.0
Potential Contribution to the Field,7.5,0.0
Potential Contribution to the Field,8.25,0.5
Potential Contribution to the Field,7.5,1.0
Potential Contribution to the Field,8.25,-0.5
Potential Contribution to the Field,8.0,0.0
Potential Contribution to the Field,8.0,0.0
Potential Contribution to the Field,8.25,-0.5
Potential Contribution to the Field,7.75,0.5
Potential Contribution to the Field,7.25,0.5
Potential Contribution to the Field,7.5,0.0
Potential Contribution to the Field,7.75,0.5
Potential Contribution to the Field,7.5,-1.0
Potential Contribution to the Field,7.75,-0.5
Potential Contribution to the Field,8.0,0.0
Potential Contribution to the Field,7.5,1.0
Potential Contribution to the Field,8.0,-1.0
Potential Contribution to the Field,7.75,0.5
Potential Contribution to the Field,7.25,0.5
Potential Contribution to the Field,7.25,0.5
Potential Contribution to the Field,7.5,-1.0
Potential Contribution to the Field,8.25,-0.5
Potential Contribution to the Field,7.5,1.0
Potential Contribution to the Field,7.5,1.0
Potential Contribution to the Field,7.5,-1.0
Potential Contribution to the Field,7.5,1.0
Potential Contribution to the Field,8.0,-1.0
Potential Contribution to the Field,8.5,0.0
Potential Contribution to the Field,7.0,0.0
Potential Contribution to the Field,8.05,0.09999999999999964
Potential Contribution to the Field,7.5,1.0
Potential Contribution to the Field,8.0,0.0
Potential Contribution to the Field,7.8,-0.40000000000000036
Potential Contribution to the Field,7.0,1.0
Potential Contribution to the Field,7.75,-0.5
Potential Contribution to the Field,7.5,-1.0
Potential Contribution to the Field,7.5,0.0
Potential Contribution to the Field,7.5,1.0
Potential Contribution to the Field,7.5,1.0
Potential Contribution to the Field,7.5,0.0
Potential Contribution to the Field,8.0,-1.0
Potential Contribution to the Field,7.5,0.0
Potential Contribution to the Field,7.75,-0.5
Potential Contribution to the Field,7.25,-0.5
Potential Contribution to the Field,7.75,-0.5
Potential Contribution to the Field,8.0,-1.0
Potential Contribution to the Field,7.0,1.0
Potential Contribution to the Field,7.5,1.0
Potential Contribution to the Field,8.0,-1.0
Potential Contribution to the Field,7.5,0.0
Potential Contribution to the Field,7.75,-0.5
Potential Contribution to the Field,8.0,0.0
Potential Contribution to the Field,8.0,0.0
Potential Contribution to the Field,7.5,1.0
Potential Contribution to the Field,8.0,0.0
Potential Contribution to the Field,7.25,-0.5
Potential Contribution to the Field,8.0,0.0
Potential Contribution to the Field,7.5,1.0
Potential Contribution to the Field,8.0,0.0
Potential Contribution to the Field,7.75,-0.5
Potential Contribution to the Field,8.25,-0.5
Potential Contribution to the Field,7.5,1.0
Potential Contribution to the Field,7.5,1.0
Potential Contribution to the Field,7.5,-1.0
Potential Contribution to the Field,6.5,0.0
Potential Contribution to the Field,6.5,-1.0
Potential Contribution to the Field,7.75,0.5
Potential Contribution to the Field,7.25,-0.5
Potential Contribution to the Field,7.5,0.0
Potential Contribution to the Field,8.5,0.0
Potential Contribution to the Field,7.0,1.0
Potential Contribution to the Field,7.5,0.0
Potential Contribution to the Field,8.0,-1.0
Potential Contribution to the Field,7.75,0.5
Potential Contribution to the Field,7.75,-0.5
Potential Contribution to the Field,7.5,0.0
Potential Contribution to the Field,8.0,-1.0
Potential Contribution to the Field,7.75,-0.5
Potential Contribution to the Field,7.75,0.5
Potential Contribution to the Field,8.0,0.0
Potential Contribution to the Field,7.5,0.0
Potential Contribution to the Field,7.5,0.0
Potential Contribution to the Field,7.25,0.5
Potential Contribution to the Field,7.25,-0.5
Potential Contribution to the Field,8.0,-1.0
Potential Contribution to the Field,7.5,0.0
Potential Contribution to the Field,7.5,0.0
Potential Contribution to the Field,7.25,0.5
Potential Contribution to the Field,7.75,0.5
Potential Contribution to the Field,7.5,0.0
Potential Contribution to the Field,8.5,-1.0
Potential Contribution to the Field,7.75,0.5
Potential Contribution to the Field,7.75,-1.5
Potential Contribution to the Field,7.5,1.0
Potential Contribution to the Field,8.0,-1.0
Potential Contribution to the Field,7.5,1.0
Potential Contribution to the Field,8.0,-1.0
Potential Contribution to the Field,7.5,0.0
Potential Contribution to the Field,8.0,-1.0
Potential Contribution to the Field,8.0,-1.0
Potential Contribution to the Field,7.75,-0.5
Potential Contribution to the Field,7.5,-1.0
Potential Contribution to the Field,7.75,0.5
Potential Contribution to the Field,7.5,0.0
Potential Contribution to the Field,8.0,-1.0
Potential Contribution to the Field,8.0,0.0
Potential Contribution to the Field,8.0,-1.0
Potential Contribution to the Field,8.0,0.0
Potential Contribution to the Field,8.25,-0.5
Potential Contribution to the Field,8.0,-1.0
Potential Contribution to the Field,8.0,0.0
Potential Contribution to the Field,7.75,0.5
Potential Contribution to the Field,7.0,0.0
Potential Contribution to the Field,7.5,1.0
Potential Contribution to the Field,7.5,0.0
Potential Contribution to the Field,7.75,0.5
Potential Contribution to the Field,7.75,0.5
Potential Contribution to the Field,7.75,0.5
Potential Contribution to the Field,7.25,0.5
Potential Contribution to the Field,7.75,0.5
Potential Contribution to the Field,8.0,-1.0
Potential Contribution to the Field,7.5,0.0
Potential Contribution to the Field,7.0,1.0
Potential Contribution to the Field,7.5,1.0
Potential Contribution to the Field,8.0,-1.0
Potential Contribution to the Field,8.0,-1.0
Potential Contribution to the Field,8.0,-1.0
Potential Contribution to the Field,7.25,0.5
Potential Contribution to the Field,6.75,-0.5
Potential Contribution to the Field,7.75,0.5
Potential Contribution to the Field,7.6,0.39999999999999947
Potential Contribution to the Field,8.0,-1.0
Potential Contribution to the Field,8.0,-1.0
Potential Contribution to the Field,7.75,-0.5
Potential Contribution to the Field,7.75,0.5
Potential Contribution to the Field,7.75,-0.5
Potential Contribution to the Field,7.25,0.5
Potential Contribution to the Field,7.5,1.0
Clarity of Research Method Description,6.75,0.5
Clarity of Research Method Description,7.0,0.0
Clarity of Research Method Description,7.0,0.0
Clarity of Research Method Description,6.8,0.0
Clarity of Research Method Description,6.25,0.5
Clarity of Research Method Description,6.85,0.2999999999999998
Clarity of Research Method Description,6.5,1.0
Clarity of Research Method Description,6.75,0.5
Clarity of Research Method Description,6.75,0.5
Clarity of Research Method Description,6.75,0.5
Clarity of Research Method Description,6.75,-0.5
Clarity of Research Method Description,6.5,1.0
Clarity of Research Method Description,7.25,-0.5
Clarity of Research Method Description,6.75,0.5
Clarity of Research Method Description,7.5,-1.0
Clarity of Research Method Description,6.75,-0.5
Clarity of Research Method Description,6.75,0.5
Clarity of Research Method Description,7.0,0.0
Clarity of Research Method Description,7.0,0.0
Clarity of Research Method Description,6.75,-0.5
Clarity of Research Method Description,6.75,-0.5
Clarity of Research Method Description,6.75,0.5
Clarity of Research Method Description,8.0,-1.0
Clarity of Research Method Description,6.75,0.5
Clarity of Research Method Description,6.5,1.0
Clarity of Research Method Description,6.75,-0.5
Clarity of Research Method Description,6.75,0.5
Clarity of Research Method Description,6.75,0.5
Clarity of Research Method Description,8.0,-1.0
Clarity of Research Method Description,7.0,1.0
Clarity of Research Method Description,6.5,1.0
Clarity of Research Method Description,6.5,0.0
Clarity of Research Method Description,7.0,-1.0
Clarity of Research Method Description,7.25,0.5
Clarity of Research Method Description,6.5,1.0
Clarity of Research Method Description,6.75,0.5
Clarity of Research Method Description,7.0,0.0
Clarity of Research Method Description,6.75,0.5
Clarity of Research Method Description,7.25,-0.5
Clarity of Research Method Description,6.75,0.5
Clarity of Research Method Description,7.75,-0.5
Clarity of Research Method Description,7.0,0.0
Clarity of Research Method Description,7.25,-0.5
Clarity of Research Method Description,6.75,0.5
Clarity of Research Method Description,6.75,0.5
Clarity of Research Method Description,7.25,-0.5
Clarity of Research Method Description,7.0,0.0
Clarity of Research Method Description,6.5,0.0
Clarity of Research Method Description,6.75,0.5
Clarity of Research Method Description,7.0,0.0
Clarity of Research Method Description,7.0,1.0
Clarity of Research Method Description,7.0,0.0
Clarity of Research Method Description,7.0,0.0
Clarity of Research Method Description,6.75,0.5
Clarity of Research Method Description,6.5,0.0
Clarity of Research Method Description,7.0,-1.0
Clarity of Research Method Description,7.25,0.5
Clarity of Research Method Description,6.75,0.5
Clarity of Research Method Description,6.75,-0.5
Clarity of Research Method Description,7.25,-0.5
Clarity of Research Method Description,6.75,0.5
Clarity of Research Method Description,6.75,0.5
Clarity of Research Method Description,6.75,0.5
Clarity of Research Method Description,8.0,-1.0
Clarity of Research Method Description,6.75,0.5
Clarity of Research Method Description,6.75,0.5
Clarity of Research Method Description,7.25,1.5
Clarity of Research Method Description,6.75,0.5
Clarity of Research Method Description,6.75,0.5
Clarity of Research Method Description,6.75,0.5
Clarity of Research Method Description,6.75,0.5
Clarity of Research Method Description,7.5,0.0
Clarity of Research Method Description,6.75,0.5
Clarity of Research Method Description,7.0,0.0
Clarity of Research Method Description,6.5,0.0
Clarity of Research Method Description,7.25,-0.5
Clarity of Research Method Description,7.5,0.0
Clarity of Research Method Description,6.25,1.5
Clarity of Research Method Description,7.25,0.5
Clarity of Research Method Description,6.75,0.5
Clarity of Research Method Description,6.25,1.5
Clarity of Research Method Description,7.75,0.5
Clarity of Research Method Description,7.0,0.0
Clarity of Research Method Description,6.5,0.0
Clarity of Research Method Description,7.0,-1.0
Clarity of Research Method Description,7.0,0.0
Clarity of Research Method Description,6.25,0.5
Clarity of Research Method Description,6.75,0.5
Clarity of Research Method Description,7.0,0.0
Clarity of Research Method Description,6.5,0.0
Clarity of Research Method Description,6.75,0.5
Clarity of Research Method Description,6.75,0.5
Clarity of Research Method Description,7.0,0.0
Clarity of Research Method Description,7.25,-0.5
Clarity of Research Method Description,7.0,0.0
Clarity of Research Method Description,7.25,0.5
Clarity of Research Method Description,7.25,-0.5
Clarity of Research Method Description,7.5,-1.0
Clarity of Research Method Description,6.9,0.20000000000000018
Clarity of Research Method Description,7.0,0.0
Clarity of Research Method Description,7.75,-0.5
Clarity of Research Method Description,6.75,0.5
Clarity of Research Method Description,6.75,0.5
Clarity of Research Method Description,6.75,0.5
Clarity of Research Method Description,6.75,-0.5
Clarity of Research Method Description,7.25,0.5
Clarity of Research Method Description,6.75,0.5
Clarity of Research Method Description,6.75,0.5
Clarity of Research Method Description,6.75,-0.5
Clarity of Research Method Description,7.5,-1.0
Clarity of Research Method Description,6.55,-0.09999999999999964
Clarity of Research Method Description,6.75,0.5
Clarity of Research Method Description,7.0,0.0
Clarity of Research Method Description,6.5,0.0
Clarity of Research Method Description,7.25,-0.5
Clarity of Research Method Description,7.25,-0.5
Clarity of Research Method Description,7.75,-0.5
Clarity of Research Method Description,7.0,1.0
Clarity of Research Method Description,7.0,0.0
Clarity of Research Method Description,6.8,0.40000000000000036
Clarity of Research Method Description,6.75,0.5
Clarity of Research Method Description,7.25,-0.5
Clarity of Research Method Description,7.0,0.0
Clarity of Research Method Description,6.75,0.5
Clarity of Research Method Description,7.5,-0.5999999999999996
Clarity of Research Method Description,7.0,0.0
Clarity of Research Method Description,7.0,0.0
Clarity of Research Method Description,6.75,0.5
Clarity of Research Method Description,6.75,0.5
Clarity of Research Method Description,6.75,0.5
Clarity of Research Method Description,8.0,-1.0
Clarity of Research Method Description,6.25,0.5
Clarity of Research Method Description,7.25,-0.5
Clarity of Research Method Description,6.25,2.5
Clarity of Research Method Description,6.5,1.0
Clarity of Research Method Description,6.75,0.5
Clarity of Research Method Description,6.75,0.5
Clarity of Research Method Description,6.5,1.0
Clarity of Research Method Description,6.75,0.5
Clarity of Research Method Description,7.0,0.0
Clarity of Research Method Description,7.5,-1.0
Clarity of Research Method Description,6.75,0.5
Clarity of Research Method Description,6.5,0.0
Clarity of Research Method Description,6.75,0.5
Clarity of Research Method Description,7.75,-0.5
Clarity of Research Method Description,6.75,-0.5
Clarity of Research Method Description,8.75,-0.5
Clarity of Research Method Description,7.25,0.5
Clarity of Research Method Description,6.9,0.20000000000000018
Clarity of Research Method Description,6.75,0.5
Clarity of Research Method Description,7.25,-0.5
Clarity of Research Method Description,7.25,-0.5
Clarity of Research Method Description,6.75,0.5
Clarity of Research Method Description,6.5,1.0
Clarity of Research Method Description,7.75,-0.5
Clarity of Research Method Description,7.25,-0.5
Clarity of Research Method Description,6.75,-0.5
Clarity of Research Method Description,7.25,-0.5
Clarity of Research Method Description,7.5,-1.0
Clarity of Research Method Description,7.5,-1.0
Clarity of Research Method Description,6.75,0.5
Clarity of Research Method Description,7.0,-1.0
Clarity of Research Method Description,6.75,0.5
Clarity of Research Method Description,7.25,-0.5
Clarity of Research Method Description,7.0,0.0
Clarity of Research Method Description,6.25,0.5
Clarity of Research Method Description,6.75,0.5
Clarity of Research Method Description,7.0,0.0
Clarity of Research Method Description,7.25,0.5
Clarity of Research Method Description,7.0,0.0
Clarity of Research Method Description,6.75,0.5
Clarity of Research Method Description,7.25,-0.5
Clarity of Research Method Description,7.25,0.5
Clarity of Research Method Description,7.0,1.0
Clarity of Research Method Description,6.75,0.5
Clarity of Research Method Description,6.25,0.5
Clarity of Research Method Description,7.25,-0.5
Clarity of Research Method Description,7.25,-0.5
Clarity of Research Method Description,7.0,0.0
Clarity of Research Method Description,7.25,-0.5
Clarity of Research Method Description,7.25,0.5
Clarity of Research Method Description,6.75,0.5
Clarity of Research Method Description,7.75,-0.5
Clarity of Research Method Description,6.75,-0.5
Clarity of Research Method Description,7.25,-0.5
Clarity of Research Method Description,6.0,1.0
Clarity of Research Method Description,6.0,2.0
Clarity of Research Method Description,7.25,-0.5
Clarity of Research Method Description,6.5,0.0
Clarity of Research Method Description,7.25,-0.5
Clarity of Research Method Description,7.25,0.5
Clarity of Research Method Description,6.5,1.0
Clarity of Research Method Description,6.75,0.5
Clarity of Research Method Description,6.75,-0.5
Clarity of Research Method Description,6.75,0.5
Clarity of Research Method Description,7.25,0.5
Clarity of Research Method Description,6.5,0.0
Clarity of Research Method Description,6.5,0.0
Clarity of Research Method Description,6.55,-0.09999999999999964
Clarity of Research Method Description,7.0,0.0
Clarity of Research Method Description,6.75,0.5
Clarity of Research Method Description,6.75,0.5
Clarity of Research Method Description,7.25,-0.5
Clarity of Research Method Description,7.0,0.0
Clarity of Research Method Description,6.5,1.0
Clarity of Research Method Description,6.75,0.5
Clarity of Research Method Description,7.25,-0.5
Clarity of Research Method Description,7.25,-0.5
Clarity of Research Method Description,6.5,1.0
Clarity of Research Method Description,7.25,0.5
Clarity of Research Method Description,6.5,1.0
Clarity of Research Method Description,6.25,0.5
Clarity of Research Method Description,6.5,1.0
Clarity of Research Method Description,6.25,0.5
Clarity of Research Method Description,7.25,0.5
Clarity of Research Method Description,6.75,0.5
Clarity of Research Method Description,7.75,-0.5
Clarity of Research Method Description,7.0,0.0
Clarity of Research Method Description,8.0,-1.0
Clarity of Research Method Description,6.75,0.5
Clarity of Research Method Description,6.75,0.5
Clarity of Research Method Description,6.75,0.5
Clarity of Research Method Description,7.0,0.0
Clarity of Research Method Description,7.0,0.0
Clarity of Research Method Description,6.25,0.5
Clarity of Research Method Description,7.25,0.5
Clarity of Research Method Description,7.75,-0.5
Clarity of Research Method Description,6.25,0.5
Clarity of Research Method Description,6.75,0.5
Clarity of Research Method Description,7.0,0.0
Clarity of Research Method Description,7.5,-1.0
Clarity of Research Method Description,7.0,0.0
Clarity of Research Method Description,7.0,0.0
Clarity of Research Method Description,6.75,1.5
Clarity of Research Method Description,6.75,0.5
Clarity of Research Method Description,6.75,-0.5
Clarity of Research Method Description,7.0,1.0
Clarity of Research Method Description,7.0,1.0
Clarity of Research Method Description,,
Clarity of Research Method Description,6.75,0.5
Clarity of Research Method Description,6.75,0.5
Clarity of Research Method Description,6.75,-0.5
Clarity of Research Method Description,7.0,-1.0
Clarity of Research Method Description,6.5,1.0
Clarity of Research Method Description,7.25,0.5
Clarity of Research Method Description,8.0,-1.0
Clarity of Research Method Description,6.75,0.5
Clarity of Research Method Description,7.75,-0.5
Clarity of Research Method Description,7.0,1.0
Clarity of Research Method Description,7.0,0.0
Clarity of Research Method Description,7.0,0.0
Clarity of Research Method Description,7.0,0.0
Clarity of Research Method Description,7.0,0.0
Clarity of Research Method Description,7.0,0.0
Clarity of Research Method Description,7.75,-0.5
Clarity of Research Method Description,7.0,0.0
Clarity of Research Method Description,7.25,-0.5
Clarity of Research Method Description,7.0,0.0
Clarity of Research Method Description,6.75,0.5
Clarity of Research Method Description,7.0,1.0
Clarity of Research Method Description,7.0,0.0
Clarity of Research Method Description,6.75,0.5
Clarity of Research Method Description,6.75,0.5
Clarity of Research Method Description,7.75,-0.5
Clarity of Research Method Description,7.75,-0.5
Clarity of Research Method Description,6.75,-0.5
Clarity of Research Method Description,8.25,-0.5
Clarity of Research Method Description,7.25,-0.5
Clarity of Research Method Description,7.0,1.0
Clarity of Research Method Description,6.75,0.5
Clarity of Research Method Description,7.75,-0.5
Clarity of Research Method Description,7.0,0.0
Clarity of Research Method Description,6.5,1.0
Clarity of Research Method Description,7.0,0.0
Clarity of Research Method Description,7.0,0.0
Clarity of Research Method Description,6.75,-0.5
Clarity of Research Method Description,7.25,-0.5
Clarity of Research Method Description,7.25,-0.5
Clarity of Research Method Description,7.75,-0.5
Clarity of Research Method Description,6.75,0.5
Clarity of Research Method Description,8.0,-1.0
Clarity of Research Method Description,6.5,1.0
Clarity of Research Method Description,7.0,-1.0
Clarity of Research Method Description,7.25,-0.5
Clarity of Research Method Description,6.75,0.5
Clarity of Research Method Description,6.75,0.5
Clarity of Research Method Description,6.5,1.0
Clarity of Research Method Description,7.0,0.0
Clarity of Research Method Description,7.25,-0.5
Clarity of Research Method Description,7.25,-0.5
Clarity of Research Method Description,6.75,0.5
Clarity of Research Method Description,6.75,0.5
Clarity of Research Method Description,6.75,0.5
Clarity of Research Method Description,7.0,0.0
Clarity of Research Method Description,6.75,-0.5
Clarity of Research Method Description,6.5,1.0
Clarity of Research Method Description,8.0,-1.0
Clarity of Research Method Description,6.75,0.5
Clarity of Research Method Description,6.75,0.5
Clarity of Research Method Description,6.75,0.5
Clarity of Research Method Description,6.75,0.5
Clarity of Research Method Description,8.0,-1.0
Clarity of Research Method Description,6.5,1.0
Clarity of Research Method Description,7.75,-0.5
Clarity of Research Method Description,7.25,-0.5
Clarity of Research Method Description,6.75,-0.5
Clarity of Research Method Description,7.0,0.0
Clarity of Research Method Description,7.25,0.5
Clarity of Research Method Description,7.5,0.0
Clarity of Research Method Description,7.75,-0.5
Clarity of Research Method Description,7.5,0.0
Clarity of Research Method Description,7.25,-0.5
Clarity of Research Method Description,7.25,-0.5
Clarity of Research Method Description,6.75,0.5
Clarity of Research Method Description,6.75,0.5
Clarity of Research Method Description,6.75,0.5
Clarity of Research Method Description,7.0,0.0
Clarity of Research Method Description,6.75,0.5
Clarity of Research Method Description,6.75,-0.5
Clarity of Research Method Description,7.0,0.0
Clarity of Research Method Description,7.0,0.0
Clarity of Research Method Description,6.75,0.5
Clarity of Research Method Description,6.75,0.5
Clarity of Research Method Description,7.25,-0.5
Clarity of Research Method Description,6.75,0.5
Clarity of Research Method Description,6.75,0.5
Clarity of Research Method Description,6.0,0.0
Clarity of Research Method Description,6.75,-0.5
Clarity of Research Method Description,7.0,0.0
Clarity of Research Method Description,7.5,0.0
Clarity of Research Method Description,7.75,-0.5
Clarity of Research Method Description,7.25,0.5
Clarity of Research Method Description,6.75,0.5
Clarity of Research Method Description,7.75,-0.5
Clarity of Research Method Description,7.0,0.0
Clarity of Research Method Description,6.75,0.5
Clarity of Research Method Description,6.75,0.5
Clarity of Research Method Description,7.25,1.5
Clarity of Research Method Description,7.0,-1.0
Clarity of Research Method Description,7.25,0.5
Clarity of Research Method Description,7.25,0.5
Clarity of Research Method Description,6.75,0.5
Clarity of Research Method Description,7.75,-0.5
Clarity of Research Method Description,6.75,0.5
Clarity of Research Method Description,6.75,0.5
Clarity of Research Method Description,6.75,0.5
Clarity of Research Method Description,7.0,0.0
Clarity of Research Method Description,7.25,0.5
Clarity of Research Method Description,6.5,0.0
Clarity of Research Method Description,6.75,0.5
Clarity of Research Method Description,6.75,0.5
Clarity of Research Method Description,7.25,-0.5
Clarity of Research Method Description,7.0,0.0
Clarity of Research Method Description,7.75,-0.5
Clarity of Research Method Description,6.5,1.0
Clarity of Research Method Description,6.75,0.5
Clarity of Research Method Description,6.75,0.5
Clarity of Research Method Description,6.5,0.0
Clarity of Research Method Description,6.5,1.0
Clarity of Research Method Description,6.75,0.5
Clarity of Research Method Description,7.5,0.0
Clarity of Research Method Description,6.5,1.0
Clarity of Research Method Description,6.75,-0.5
Clarity of Research Method Description,6.5,1.0
Clarity of Research Method Description,6.5,-1.0
Clarity of Research Method Description,7.25,0.5
Clarity of Research Method Description,6.75,0.5
Clarity of Research Method Description,6.75,-0.5
Clarity of Research Method Description,7.25,0.5
Clarity of Research Method Description,6.75,0.5
Clarity of Research Method Description,7.75,-0.5
Clarity of Research Method Description,7.0,0.0
Clarity of Research Method Description,6.5,1.0
Clarity of Research Method Description,6.75,0.5
Clarity of Research Method Description,6.75,0.5
Clarity of Research Method Description,7.25,0.5
Clarity of Research Method Description,6.5,1.0
Clarity of Research Method Description,7.75,-0.5
Clarity of Research Method Description,7.5,-1.0
Clarity of Research Method Description,6.75,0.5
Clarity of Research Method Description,6.75,0.5
Clarity of Research Method Description,6.5,1.0
Clarity of Research Method Description,7.0,0.0
Clarity of Research Method Description,7.0,1.0
Clarity of Research Method Description,7.0,0.0
Clarity of Research Method Description,7.75,-0.5
Clarity of Research Method Description,7.25,-0.5
Clarity of Research Method Description,7.75,-0.5
Clarity of Research Method Description,6.5,1.0
Clarity of Research Method Description,7.25,-0.5
Clarity of Research Method Description,6.75,0.5
Clarity of Research Method Description,7.5,0.0
Clarity of Research Method Description,7.0,0.0
Clarity of Research Method Description,6.75,0.5
Clarity of Research Method Description,6.5,1.0
Clarity of Research Method Description,6.75,0.5
Clarity of Research Method Description,6.75,0.5
Clarity of Research Method Description,7.0,0.0
Clarity of Research Method Description,7.5,-1.0
Clarity of Research Method Description,6.75,0.5
Clarity of Research Method Description,7.5,-1.0
Clarity of Research Method Description,6.75,0.5
Clarity of Research Method Description,7.25,-0.5
Clarity of Research Method Description,6.75,0.5
Clarity of Research Method Description,6.75,-0.5
Clarity of Research Method Description,7.25,-0.5
Clarity of Research Method Description,6.75,-0.5
Clarity of Research Method Description,7.5,0.0
Clarity of Research Method Description,6.75,0.5
Clarity of Research Method Description,6.75,0.5
Clarity of Research Method Description,6.75,-0.5
Clarity of Research Method Description,7.25,0.5
Clarity of Research Method Description,6.5,1.0
Clarity of Research Method Description,7.25,0.5
Clarity of Research Method Description,7.25,0.5
Clarity of Research Method Description,6.5,1.0
Clarity of Research Method Description,7.25,-0.5
Clarity of Research Method Description,7.0,0.0
Clarity of Research Method Description,7.0,0.0
Clarity of Research Method Description,7.5,-1.0
Clarity of Research Method Description,6.75,0.5
Clarity of Research Method Description,6.75,0.5
Clarity of Research Method Description,6.75,0.5
Clarity of Research Method Description,7.25,0.5
Clarity of Research Method Description,7.0,0.0
Clarity of Research Method Description,7.25,-0.5
Clarity of Research Method Description,7.0,0.0
Clarity of Research Method Description,6.75,0.5
Clarity of Research Method Description,7.5,-1.0
Clarity of Research Method Description,6.75,0.5
Clarity of Research Method Description,6.75,0.5
Clarity of Research Method Description,6.75,0.5
Clarity of Research Method Description,7.0,0.0
Clarity of Research Method Description,7.25,-0.5
Clarity of Research Method Description,6.5,1.0
Clarity of Research Method Description,6.5,1.0
Clarity of Research Method Description,7.25,0.5
Clarity of Research Method Description,6.5,1.0
Clarity of Research Method Description,7.25,0.5
Clarity of Research Method Description,7.5,0.0
Clarity of Research Method Description,6.5,0.0
Clarity of Research Method Description,6.75,0.09999999999999964
Clarity of Research Method Description,6.75,0.5
Clarity of Research Method Description,7.0,0.0
Clarity of Research Method Description,7.4,-0.39999999999999947
Clarity of Research Method Description,6.75,0.5
Clarity of Research Method Description,7.25,-0.5
Clarity of Research Method Description,6.75,0.5
Clarity of Research Method Description,7.0,0.0
Clarity of Research Method Description,6.5,1.0
Clarity of Research Method Description,6.75,0.5
Clarity of Research Method Description,7.0,0.0
Clarity of Research Method Description,7.5,-1.0
Clarity of Research Method Description,7.0,0.0
Clarity of Research Method Description,6.75,-0.5
Clarity of Research Method Description,6.75,-0.5
Clarity of Research Method Description,7.25,-0.5
Clarity of Research Method Description,7.25,-0.5
Clarity of Research Method Description,6.75,0.5
Clarity of Research Method Description,6.5,1.0
Clarity of Research Method Description,7.25,-0.5
Clarity of Research Method Description,6.75,-0.5
Clarity of Research Method Description,7.25,-0.5
Clarity of Research Method Description,7.0,0.0
Clarity of Research Method Description,6.5,0.0
Clarity of Research Method Description,6.5,1.0
Clarity of Research Method Description,6.5,0.0
Clarity of Research Method Description,6.75,-0.5
Clarity of Research Method Description,7.0,0.0
Clarity of Research Method Description,6.5,1.0
Clarity of Research Method Description,6.75,0.5
Clarity of Research Method Description,7.0,0.0
Clarity of Research Method Description,7.25,0.5
Clarity of Research Method Description,6.5,1.0
Clarity of Research Method Description,6.5,1.0
Clarity of Research Method Description,7.0,-1.0
Clarity of Research Method Description,6.5,0.0
Clarity of Research Method Description,6.5,-1.0
Clarity of Research Method Description,6.75,0.5
Clarity of Research Method Description,7.0,-1.0
Clarity of Research Method Description,6.5,0.0
Clarity of Research Method Description,6.5,0.0
Clarity of Research Method Description,6.5,1.0
Clarity of Research Method Description,6.75,-0.5
Clarity of Research Method Description,7.25,-0.5
Clarity of Research Method Description,6.75,0.5
Clarity of Research Method Description,6.75,-0.5
Clarity of Research Method Description,7.25,-0.5
Clarity of Research Method Description,7.25,-0.5
Clarity of Research Method Description,6.75,0.5
Clarity of Research Method Description,6.75,0.5
Clarity of Research Method Description,7.0,0.0
Clarity of Research Method Description,7.5,0.0
Clarity of Research Method Description,7.0,0.0
Clarity of Research Method Description,6.75,0.5
Clarity of Research Method Description,6.75,-0.5
Clarity of Research Method Description,7.5,-1.0
Clarity of Research Method Description,7.5,-1.0
Clarity of Research Method Description,7.0,0.0
Clarity of Research Method Description,6.25,0.5
Clarity of Research Method Description,6.75,0.5
Clarity of Research Method Description,6.5,0.0
Clarity of Research Method Description,8.0,-1.0
Clarity of Research Method Description,6.75,0.5
Clarity of Research Method Description,6.5,1.0
Clarity of Research Method Description,6.75,0.5
Clarity of Research Method Description,7.75,-0.5
Clarity of Research Method Description,6.75,0.5
Clarity of Research Method Description,7.25,-0.5
Clarity of Research Method Description,7.0,0.0
Clarity of Research Method Description,7.25,-0.5
Clarity of Research Method Description,8.0,-1.0
Clarity of Research Method Description,7.25,-0.5
Clarity of Research Method Description,6.0,2.0
Clarity of Research Method Description,6.75,0.5
Clarity of Research Method Description,7.0,0.0
Clarity of Research Method Description,7.25,-0.5
Clarity of Research Method Description,6.5,1.0
Clarity of Research Method Description,6.75,-0.5
Clarity of Research Method Description,7.0,0.0
Clarity of Research Method Description,7.75,-0.5
Clarity of Research Method Description,7.0,-1.0
Clarity of Research Method Description,7.25,-0.5
Clarity of Research Method Description,7.25,0.5
Clarity of Research Method Description,7.0,0.0
Clarity of Research Method Description,6.75,0.5
Clarity of Research Method Description,7.0,0.0
Clarity of Research Method Description,7.25,-0.5
Clarity of Research Method Description,7.25,0.5
Clarity of Research Method Description,6.75,-0.5
Clarity of Research Method Description,6.25,0.5
Clarity of Research Method Description,6.5,1.0
Clarity of Research Method Description,7.25,-0.5
Clarity of Research Method Description,6.75,-0.5
Clarity of Research Method Description,6.5,1.0
Clarity of Research Method Description,6.75,0.5
Clarity of Research Method Description,8.0,-1.0
Clarity of Research Method Description,7.25,-0.5
Clarity of Research Method Description,6.75,1.5
Clarity of Research Method Description,6.25,0.5
Clarity of Research Method Description,6.75,-0.5
Clarity of Research Method Description,6.75,0.5
Clarity of Research Method Description,6.65,0.2999999999999998
Clarity of Research Method Description,6.5,1.0
Clarity of Research Method Description,7.5,-1.0
Clarity of Research Method Description,7.25,-0.5
Clarity of Research Method Description,6.75,0.5
Clarity of Research Method Description,7.25,-0.5
Clarity of Research Method Description,6.25,0.5
Clarity of Research Method Description,6.5,1.0
Rationality of Method Selection,6.25,0.5
Rationality of Method Selection,7.0,0.0
Rationality of Method Selection,7.0,0.0
Rationality of Method Selection,6.8,0.0
Rationality of Method Selection,6.25,0.5
Rationality of Method Selection,7.050000000000001,0.2999999999999998
Rationality of Method Selection,6.5,1.0
Rationality of Method Selection,7.25,0.5
Rationality of Method Selection,6.75,0.5
Rationality of Method Selection,6.75,0.5
Rationality of Method Selection,6.75,-0.5
Rationality of Method Selection,6.5,1.0
Rationality of Method Selection,7.25,-0.5
Rationality of Method Selection,6.75,0.5
Rationality of Method Selection,8.0,-1.0
Rationality of Method Selection,7.0,0.0
Rationality of Method Selection,6.25,0.5
Rationality of Method Selection,7.0,0.0
Rationality of Method Selection,7.0,0.0
Rationality of Method Selection,6.75,-0.5
Rationality of Method Selection,7.5,0.0
Rationality of Method Selection,6.75,0.5
Rationality of Method Selection,8.0,-1.0
Rationality of Method Selection,6.75,0.5
Rationality of Method Selection,6.75,0.5
Rationality of Method Selection,6.75,0.5
Rationality of Method Selection,6.75,0.5
Rationality of Method Selection,6.5,1.0
Rationality of Method Selection,8.25,-0.5
Rationality of Method Selection,7.0,0.0
Rationality of Method Selection,6.5,1.0
Rationality of Method Selection,6.5,0.0
Rationality of Method Selection,7.25,-0.5
Rationality of Method Selection,7.25,0.5
Rationality of Method Selection,6.5,1.0
Rationality of Method Selection,6.75,0.5
Rationality of Method Selection,7.0,0.0
Rationality of Method Selection,7.0,0.0
Rationality of Method Selection,7.25,-0.5
Rationality of Method Selection,6.25,0.5
Rationality of Method Selection,8.25,-0.5
Rationality of Method Selection,7.0,0.0
Rationality of Method Selection,7.5,0.0
Rationality of Method Selection,6.5,1.0
Rationality of Method Selection,6.75,0.5
Rationality of Method Selection,7.75,-0.5
Rationality of Method Selection,7.0,0.0
Rationality of Method Selection,6.5,0.0
Rationality of Method Selection,7.0,1.0
Rationality of Method Selection,7.0,0.0
Rationality of Method Selection,6.75,0.5
Rationality of Method Selection,6.5,0.0
Rationality of Method Selection,7.0,0.0
Rationality of Method Selection,7.0,0.0
Rationality of Method Selection,7.0,0.0
Rationality of Method Selection,7.25,-0.5
Rationality of Method Selection,7.25,0.5
Rationality of Method Selection,7.25,0.5
Rationality of Method Selection,6.75,-0.5
Rationality of Method Selection,7.25,-0.5
Rationality of Method Selection,7.25,0.5
Rationality of Method Selection,6.25,0.5
Rationality of Method Selection,6.75,0.5
Rationality of Method Selection,7.5,-1.0
Rationality of Method Selection,7.5,0.0
Rationality of Method Selection,6.75,0.5
Rationality of Method Selection,7.5,0.0
Rationality of Method Selection,7.25,0.5
Rationality of Method Selection,6.75,0.5
Rationality of Method Selection,7.0,1.0
Rationality of Method Selection,7.0,0.0
Rationality of Method Selection,7.5,0.0
Rationality of Method Selection,6.75,0.5
Rationality of Method Selection,7.0,0.0
Rationality of Method Selection,7.0,0.0
Rationality of Method Selection,6.75,-0.5
Rationality of Method Selection,7.5,0.0
Rationality of Method Selection,6.75,1.5
Rationality of Method Selection,7.25,0.5
Rationality of Method Selection,7.0,1.0
Rationality of Method Selection,7.0,1.0
Rationality of Method Selection,7.25,0.5
Rationality of Method Selection,7.0,0.0
Rationality of Method Selection,7.5,0.0
Rationality of Method Selection,7.0,0.0
Rationality of Method Selection,7.0,0.0
Rationality of Method Selection,6.75,0.5
Rationality of Method Selection,7.25,0.5
Rationality of Method Selection,7.0,0.0
Rationality of Method Selection,7.0,0.0
Rationality of Method Selection,6.75,0.5
Rationality of Method Selection,6.75,0.5
Rationality of Method Selection,7.0,0.0
Rationality of Method Selection,7.75,-0.5
Rationality of Method Selection,7.0,0.0
Rationality of Method Selection,7.25,0.5
Rationality of Method Selection,7.25,-0.5
Rationality of Method Selection,7.25,-0.5
Rationality of Method Selection,7.2,0.5999999999999996
Rationality of Method Selection,7.0,0.0
Rationality of Method Selection,7.25,-0.5
Rationality of Method Selection,6.75,0.5
Rationality of Method Selection,7.0,1.0
Rationality of Method Selection,7.5,0.0
Rationality of Method Selection,7.25,-0.5
Rationality of Method Selection,7.25,0.5
Rationality of Method Selection,7.25,0.5
Rationality of Method Selection,6.75,0.5
Rationality of Method Selection,6.75,-0.5
Rationality of Method Selection,7.5,-1.0
Rationality of Method Selection,6.65,-0.10000000000000053
Rationality of Method Selection,6.75,0.5
Rationality of Method Selection,7.0,0.0
Rationality of Method Selection,7.0,0.0
Rationality of Method Selection,7.75,-0.5
Rationality of Method Selection,7.75,-0.5
Rationality of Method Selection,7.25,-0.5
Rationality of Method Selection,6.75,0.5
Rationality of Method Selection,7.0,0.0
Rationality of Method Selection,7.0,0.40000000000000036
Rationality of Method Selection,7.25,0.5
Rationality of Method Selection,7.75,-0.5
Rationality of Method Selection,7.0,0.0
Rationality of Method Selection,6.25,0.5
Rationality of Method Selection,7.3,-0.5999999999999996
Rationality of Method Selection,6.5,0.0
Rationality of Method Selection,7.0,0.0
Rationality of Method Selection,6.75,0.5
Rationality of Method Selection,6.75,0.5
Rationality of Method Selection,6.75,0.5
Rationality of Method Selection,8.0,-1.0
Rationality of Method Selection,6.25,0.5
Rationality of Method Selection,7.75,-0.5
Rationality of Method Selection,6.75,1.5
Rationality of Method Selection,6.5,1.0
Rationality of Method Selection,6.75,0.5
Rationality of Method Selection,6.75,0.5
Rationality of Method Selection,6.75,0.5
Rationality of Method Selection,6.75,0.5
Rationality of Method Selection,7.0,0.0
Rationality of Method Selection,7.0,-1.0
Rationality of Method Selection,6.75,0.5
Rationality of Method Selection,6.5,0.0
Rationality of Method Selection,6.75,0.5
Rationality of Method Selection,7.5,-1.0
Rationality of Method Selection,7.0,-1.0
Rationality of Method Selection,8.75,-0.5
Rationality of Method Selection,7.25,0.5
Rationality of Method Selection,6.75,0.5
Rationality of Method Selection,6.75,0.5
Rationality of Method Selection,7.25,-0.5
Rationality of Method Selection,7.25,-0.5
Rationality of Method Selection,7.5,0.0
Rationality of Method Selection,6.5,1.0
Rationality of Method Selection,7.75,-0.5
Rationality of Method Selection,7.25,-0.5
Rationality of Method Selection,7.0,0.0
Rationality of Method Selection,7.25,-0.5
Rationality of Method Selection,8.0,-1.0
Rationality of Method Selection,7.5,-1.0
Rationality of Method Selection,6.75,0.5
Rationality of Method Selection,7.0,-1.0
Rationality of Method Selection,7.0,0.0
Rationality of Method Selection,7.75,-0.5
Rationality of Method Selection,7.0,0.0
Rationality of Method Selection,6.75,0.5
Rationality of Method Selection,7.25,0.5
Rationality of Method Selection,7.0,0.0
Rationality of Method Selection,7.75,0.5
Rationality of Method Selection,7.0,0.0
Rationality of Method Selection,6.75,0.5
Rationality of Method Selection,7.25,-0.5
Rationality of Method Selection,7.25,0.5
Rationality of Method Selection,7.0,1.0
Rationality of Method Selection,6.75,0.5
Rationality of Method Selection,6.25,0.5
Rationality of Method Selection,7.25,-0.5
Rationality of Method Selection,6.75,-0.5
Rationality of Method Selection,7.0,0.0
Rationality of Method Selection,7.75,-0.5
Rationality of Method Selection,7.25,0.5
Rationality of Method Selection,6.75,0.5
Rationality of Method Selection,7.75,-0.5
Rationality of Method Selection,6.75,0.5
Rationality of Method Selection,6.75,-0.5
Rationality of Method Selection,6.0,1.0
Rationality of Method Selection,5.5,3.0
Rationality of Method Selection,6.75,-0.5
Rationality of Method Selection,7.0,0.0
Rationality of Method Selection,7.5,0.0
Rationality of Method Selection,7.25,0.5
Rationality of Method Selection,7.0,1.0
Rationality of Method Selection,6.75,0.5
Rationality of Method Selection,7.25,-0.5
Rationality of Method Selection,7.25,0.5
Rationality of Method Selection,7.25,0.5
Rationality of Method Selection,7.0,0.0
Rationality of Method Selection,6.5,0.0
Rationality of Method Selection,6.75,-0.09999999999999964
Rationality of Method Selection,7.5,0.0
Rationality of Method Selection,6.75,0.5
Rationality of Method Selection,6.75,0.5
Rationality of Method Selection,7.25,-0.5
Rationality of Method Selection,7.0,0.0
Rationality of Method Selection,6.5,1.0
Rationality of Method Selection,7.25,0.5
Rationality of Method Selection,7.25,-0.5
Rationality of Method Selection,7.75,-0.5
Rationality of Method Selection,6.5,1.0
Rationality of Method Selection,7.25,0.5
Rationality of Method Selection,6.5,1.0
Rationality of Method Selection,6.75,0.5
Rationality of Method Selection,6.5,1.0
Rationality of Method Selection,6.75,0.5
Rationality of Method Selection,7.25,0.5
Rationality of Method Selection,7.25,0.5
Rationality of Method Selection,7.75,-0.5
Rationality of Method Selection,7.0,0.0
Rationality of Method Selection,8.25,-0.5
Rationality of Method Selection,6.75,0.5
Rationality of Method Selection,6.75,0.5
Rationality of Method Selection,7.25,0.5
Rationality of Method Selection,7.0,0.0
Rationality of Method Selection,7.0,0.0
Rationality of Method Selection,6.75,0.5
Rationality of Method Selection,7.25,0.5
Rationality of Method Selection,7.75,-0.5
Rationality of Method Selection,6.25,0.5
Rationality of Method Selection,6.75,0.5
Rationality of Method Selection,7.0,0.0
Rationality of Method Selection,7.5,-1.0
Rationality of Method Selection,7.0,0.0
Rationality of Method Selection,7.0,0.0
Rationality of Method Selection,7.0,1.0
Rationality of Method Selection,6.75,0.5
Rationality of Method Selection,7.25,-0.5
Rationality of Method Selection,7.0,0.0
Rationality of Method Selection,7.25,1.5
Rationality of Method Selection,,
Rationality of Method Selection,6.75,0.5
Rationality of Method Selection,6.25,0.5
Rationality of Method Selection,7.25,-0.5
Rationality of Method Selection,7.5,-1.0
Rationality of Method Selection,6.5,1.0
Rationality of Method Selection,7.25,0.5
Rationality of Method Selection,8.25,-0.5
Rationality of Method Selection,7.25,0.5
Rationality of Method Selection,7.75,-0.5
Rationality of Method Selection,7.0,1.0
Rationality of Method Selection,7.0,0.0
Rationality of Method Selection,7.0,0.0
Rationality of Method Selection,7.0,0.0
Rationality of Method Selection,7.0,0.0
Rationality of Method Selection,7.0,0.0
Rationality of Method Selection,7.5,-1.0
Rationality of Method Selection,7.0,0.0
Rationality of Method Selection,7.65,-0.2999999999999998
Rationality of Method Selection,7.0,0.0
Rationality of Method Selection,6.25,0.5
Rationality of Method Selection,7.0,1.0
Rationality of Method Selection,7.0,0.0
Rationality of Method Selection,7.25,0.5
Rationality of Method Selection,6.75,0.5
Rationality of Method Selection,8.25,-0.5
Rationality of Method Selection,7.75,-0.5
Rationality of Method Selection,7.0,0.0
Rationality of Method Selection,7.75,-0.5
Rationality of Method Selection,7.75,-0.5
Rationality of Method Selection,7.0,1.0
Rationality of Method Selection,6.5,1.0
Rationality of Method Selection,7.75,-0.5
Rationality of Method Selection,7.0,0.0
Rationality of Method Selection,6.5,1.0
Rationality of Method Selection,7.0,0.0
Rationality of Method Selection,7.0,0.0
Rationality of Method Selection,7.0,0.0
Rationality of Method Selection,7.75,-0.5
Rationality of Method Selection,7.25,-0.5
Rationality of Method Selection,7.75,-0.5
Rationality of Method Selection,6.75,-0.5
Rationality of Method Selection,8.0,-1.0
Rationality of Method Selection,7.0,1.0
Rationality of Method Selection,7.5,-1.0
Rationality of Method Selection,7.25,-0.5
Rationality of Method Selection,6.75,0.5
Rationality of Method Selection,6.25,0.5
Rationality of Method Selection,6.5,1.0
Rationality of Method Selection,7.0,0.0
Rationality of Method Selection,7.75,-0.5
Rationality of Method Selection,7.0,0.0
Rationality of Method Selection,7.0,1.0
Rationality of Method Selection,7.25,0.5
Rationality of Method Selection,6.25,0.5
Rationality of Method Selection,7.0,0.0
Rationality of Method Selection,6.75,-0.5
Rationality of Method Selection,6.25,0.5
Rationality of Method Selection,8.0,-1.0
Rationality of Method Selection,7.25,0.5
Rationality of Method Selection,6.95,0.5
Rationality of Method Selection,7.25,0.5
Rationality of Method Selection,6.75,0.5
Rationality of Method Selection,7.5,-1.0
Rationality of Method Selection,6.5,1.0
Rationality of Method Selection,7.25,-0.5
Rationality of Method Selection,6.75,-0.5
Rationality of Method Selection,6.5,-1.0
Rationality of Method Selection,7.0,0.0
Rationality of Method Selection,6.75,0.5
Rationality of Method Selection,7.5,0.0
Rationality of Method Selection,7.75,-0.5
Rationality of Method Selection,7.5,0.0
Rationality of Method Selection,7.75,-0.5
Rationality of Method Selection,7.5,0.0
Rationality of Method Selection,6.75,0.5
Rationality of Method Selection,6.75,0.5
Rationality of Method Selection,7.25,0.5
Rationality of Method Selection,7.0,0.0
Rationality of Method Selection,7.25,0.5
Rationality of Method Selection,6.75,0.5
Rationality of Method Selection,7.0,0.0
Rationality of Method Selection,7.0,0.0
Rationality of Method Selection,6.75,0.5
Rationality of Method Selection,6.85,0.2999999999999998
Rationality of Method Selection,7.75,-0.5
Rationality of Method Selection,7.25,0.5
Rationality of Method Selection,6.75,0.5
Rationality of Method Selection,6.0,0.0
Rationality of Method Selection,6.75,-0.5
Rationality of Method Selection,7.0,0.0
Rationality of Method Selection,7.5,0.0
Rationality of Method Selection,7.75,-0.5
Rationality of Method Selection,7.25,0.5
Rationality of Method Selection,6.75,0.5
Rationality of Method Selection,7.75,-0.5
Rationality of Method Selection,7.0,0.0
Rationality of Method Selection,7.5,0.0
Rationality of Method Selection,6.75,0.5
Rationality of Method Selection,7.25,0.5
Rationality of Method Selection,7.25,-0.5
Rationality of Method Selection,7.25,0.5
Rationality of Method Selection,7.25,0.5
Rationality of Method Selection,6.75,0.5
Rationality of Method Selection,7.5,-1.0
Rationality of Method Selection,7.0,0.0
Rationality of Method Selection,6.75,0.5
Rationality of Method Selection,6.75,0.5
Rationality of Method Selection,7.0,0.0
Rationality of Method Selection,7.25,0.5
Rationality of Method Selection,7.0,0.0
Rationality of Method Selection,7.25,0.5
Rationality of Method Selection,6.75,0.5
Rationality of Method Selection,7.25,-0.5
Rationality of Method Selection,7.0,0.0
Rationality of Method Selection,7.75,0.5
Rationality of Method Selection,7.0,0.0
Rationality of Method Selection,6.75,0.5
Rationality of Method Selection,7.0,1.0
Rationality of Method Selection,6.5,0.0
Rationality of Method Selection,6.5,1.0
Rationality of Method Selection,7.25,0.5
Rationality of Method Selection,7.5,0.0
Rationality of Method Selection,6.5,1.0
Rationality of Method Selection,7.25,-0.5
Rationality of Method Selection,6.5,1.0
Rationality of Method Selection,7.25,-0.5
Rationality of Method Selection,7.0,0.0
Rationality of Method Selection,7.25,0.5
Rationality of Method Selection,7.0,0.0
Rationality of Method Selection,7.25,0.5
Rationality of Method Selection,6.25,0.5
Rationality of Method Selection,7.25,-0.5
Rationality of Method Selection,7.0,0.0
Rationality of Method Selection,6.5,1.0
Rationality of Method Selection,6.75,0.5
Rationality of Method Selection,7.25,0.5
Rationality of Method Selection,7.25,0.5
Rationality of Method Selection,6.5,1.0
Rationality of Method Selection,7.75,-0.5
Rationality of Method Selection,8.0,-1.0
Rationality of Method Selection,7.0,1.0
Rationality of Method Selection,6.75,0.5
Rationality of Method Selection,6.5,1.0
Rationality of Method Selection,7.5,0.0
Rationality of Method Selection,7.0,1.0
Rationality of Method Selection,7.0,0.0
Rationality of Method Selection,7.25,-0.5
Rationality of Method Selection,7.25,0.5
Rationality of Method Selection,7.5,-1.0
Rationality of Method Selection,6.5,1.0
Rationality of Method Selection,7.75,-0.5
Rationality of Method Selection,6.75,0.5
Rationality of Method Selection,7.5,0.0
Rationality of Method Selection,7.5,0.0
Rationality of Method Selection,7.25,0.5
Rationality of Method Selection,7.0,1.0
Rationality of Method Selection,6.75,0.5
Rationality of Method Selection,6.75,0.5
Rationality of Method Selection,7.0,0.0
Rationality of Method Selection,8.0,-1.0
Rationality of Method Selection,6.75,0.5
Rationality of Method Selection,7.75,-0.5
Rationality of Method Selection,7.25,0.5
Rationality of Method Selection,7.75,-0.5
Rationality of Method Selection,7.0,1.0
Rationality of Method Selection,6.75,-0.5
Rationality of Method Selection,7.75,-0.5
Rationality of Method Selection,7.0,0.0
Rationality of Method Selection,7.5,0.0
Rationality of Method Selection,6.75,0.5
Rationality of Method Selection,6.75,0.5
Rationality of Method Selection,7.25,-0.5
Rationality of Method Selection,7.25,0.5
Rationality of Method Selection,6.0,1.0
Rationality of Method Selection,7.25,0.5
Rationality of Method Selection,7.25,0.5
Rationality of Method Selection,6.5,1.0
Rationality of Method Selection,7.75,-0.5
Rationality of Method Selection,7.0,0.0
Rationality of Method Selection,7.0,0.0
Rationality of Method Selection,8.0,-1.0
Rationality of Method Selection,6.75,0.5
Rationality of Method Selection,6.75,0.5
Rationality of Method Selection,6.25,0.5
Rationality of Method Selection,7.75,0.5
Rationality of Method Selection,7.0,0.0
Rationality of Method Selection,7.75,-0.5
Rationality of Method Selection,7.0,0.0
Rationality of Method Selection,6.75,0.5
Rationality of Method Selection,8.0,-1.0
Rationality of Method Selection,6.75,0.5
Rationality of Method Selection,6.25,0.5
Rationality of Method Selection,6.25,0.5
Rationality of Method Selection,7.0,0.0
Rationality of Method Selection,7.75,-0.5
Rationality of Method Selection,6.5,1.0
Rationality of Method Selection,6.5,1.0
Rationality of Method Selection,7.25,0.5
Rationality of Method Selection,6.5,1.0
Rationality of Method Selection,7.25,0.5
Rationality of Method Selection,7.5,0.0
Rationality of Method Selection,6.5,0.0
Rationality of Method Selection,6.95,0.09999999999999964
Rationality of Method Selection,6.25,0.5
Rationality of Method Selection,7.5,0.0
Rationality of Method Selection,7.5,-0.1999999999999993
Rationality of Method Selection,6.75,0.5
Rationality of Method Selection,7.5,0.0
Rationality of Method Selection,7.25,0.5
Rationality of Method Selection,7.0,0.0
Rationality of Method Selection,6.5,1.0
Rationality of Method Selection,6.5,1.0
Rationality of Method Selection,7.0,0.0
Rationality of Method Selection,7.75,-0.5
Rationality of Method Selection,7.0,0.0
Rationality of Method Selection,6.75,-0.5
Rationality of Method Selection,7.25,-0.5
Rationality of Method Selection,7.25,-0.5
Rationality of Method Selection,7.75,-0.5
Rationality of Method Selection,6.75,0.5
Rationality of Method Selection,6.5,1.0
Rationality of Method Selection,7.75,-0.5
Rationality of Method Selection,6.75,-0.5
Rationality of Method Selection,6.75,-0.5
Rationality of Method Selection,7.0,0.0
Rationality of Method Selection,7.0,0.0
Rationality of Method Selection,6.5,1.0
Rationality of Method Selection,7.0,0.0
Rationality of Method Selection,6.75,-0.5
Rationality of Method Selection,7.0,0.0
Rationality of Method Selection,6.5,1.0
Rationality of Method Selection,6.75,0.5
Rationality of Method Selection,7.0,0.0
Rationality of Method Selection,7.25,0.5
Rationality of Method Selection,6.5,1.0
Rationality of Method Selection,6.5,1.0
Rationality of Method Selection,7.5,-1.0
Rationality of Method Selection,6.5,0.0
Rationality of Method Selection,6.5,-1.0
Rationality of Method Selection,7.25,0.5
Rationality of Method Selection,7.25,-0.5
Rationality of Method Selection,7.5,0.0
Rationality of Method Selection,6.5,0.0
Rationality of Method Selection,6.5,1.0
Rationality of Method Selection,7.5,0.0
Rationality of Method Selection,7.25,-0.5
Rationality of Method Selection,7.25,0.5
Rationality of Method Selection,6.75,-0.5
Rationality of Method Selection,7.5,0.0
Rationality of Method Selection,7.0,-1.0
Rationality of Method Selection,7.25,0.5
Rationality of Method Selection,6.75,0.5
Rationality of Method Selection,7.0,0.0
Rationality of Method Selection,7.5,0.0
Rationality of Method Selection,7.0,0.0
Rationality of Method Selection,7.25,0.5
Rationality of Method Selection,7.0,0.0
Rationality of Method Selection,8.0,-1.0
Rationality of Method Selection,7.5,0.0
Rationality of Method Selection,7.0,0.0
Rationality of Method Selection,6.75,0.5
Rationality of Method Selection,7.25,0.5
Rationality of Method Selection,6.75,0.5
Rationality of Method Selection,8.0,-1.0
Rationality of Method Selection,7.0,0.0
Rationality of Method Selection,7.0,1.0
Rationality of Method Selection,6.5,1.0
Rationality of Method Selection,7.5,-1.0
Rationality of Method Selection,7.0,1.0
Rationality of Method Selection,7.0,-1.0
Rationality of Method Selection,7.5,0.0
Rationality of Method Selection,7.25,-0.5
Rationality of Method Selection,8.0,-1.0
Rationality of Method Selection,7.75,-0.5
Rationality of Method Selection,6.5,1.0
Rationality of Method Selection,6.75,0.5
Rationality of Method Selection,6.5,0.0
Rationality of Method Selection,7.25,-0.5
Rationality of Method Selection,7.0,0.0
Rationality of Method Selection,7.0,0.0
Rationality of Method Selection,7.5,0.0
Rationality of Method Selection,8.0,-1.0
Rationality of Method Selection,7.25,-0.5
Rationality of Method Selection,7.5,0.0
Rationality of Method Selection,7.5,0.0
Rationality of Method Selection,6.5,0.0
Rationality of Method Selection,6.75,0.5
Rationality of Method Selection,7.5,0.0
Rationality of Method Selection,7.0,0.0
Rationality of Method Selection,7.25,0.5
Rationality of Method Selection,7.25,-0.5
Rationality of Method Selection,6.25,0.5
Rationality of Method Selection,6.5,1.0
Rationality of Method Selection,7.25,-0.5
Rationality of Method Selection,7.0,0.0
Rationality of Method Selection,6.5,1.0
Rationality of Method Selection,6.25,0.5
Rationality of Method Selection,8.0,-1.0
Rationality of Method Selection,7.25,-0.5
Rationality of Method Selection,7.0,1.0
Rationality of Method Selection,6.75,0.5
Rationality of Method Selection,6.25,-0.5
Rationality of Method Selection,7.25,0.5
Rationality of Method Selection,7.0,0.40000000000000036
Rationality of Method Selection,6.5,1.0
Rationality of Method Selection,7.75,-0.5
Rationality of Method Selection,7.25,-0.5
Rationality of Method Selection,6.75,0.5
Rationality of Method Selection,6.75,-0.5
Rationality of Method Selection,6.25,0.5
Rationality of Method Selection,6.5,1.0
Rigor of Research Design,5.25,0.5
Rigor of Research Design,6.0,0.0
Rigor of Research Design,6.0,0.0
Rigor of Research Design,6.4,0.0
Rigor of Research Design,6.25,0.5
Rigor of Research Design,5.9,0.20000000000000018
Rigor of Research Design,5.5,1.0
Rigor of Research Design,6.25,0.5
Rigor of Research Design,5.75,0.5
Rigor of Research Design,6.25,0.5
Rigor of Research Design,6.25,-0.5
Rigor of Research Design,5.5,1.0
Rigor of Research Design,6.25,-0.5
Rigor of Research Design,5.75,0.5
Rigor of Research Design,8.0,-1.0
Rigor of Research Design,6.25,-0.5
Rigor of Research Design,5.75,0.5
Rigor of Research Design,6.5,0.0
Rigor of Research Design,6.0,0.0
Rigor of Research Design,6.25,-0.5
Rigor of Research Design,6.75,-0.5
Rigor of Research Design,5.75,0.5
Rigor of Research Design,7.0,-1.0
Rigor of Research Design,6.25,0.5
Rigor of Research Design,5.75,0.5
Rigor of Research Design,5.75,0.5
Rigor of Research Design,5.75,0.5
Rigor of Research Design,5.5,1.0
Rigor of Research Design,6.75,-0.5
Rigor of Research Design,6.5,0.0
Rigor of Research Design,5.5,1.0
Rigor of Research Design,6.5,0.0
Rigor of Research Design,7.0,-1.0
Rigor of Research Design,6.25,0.5
Rigor of Research Design,5.5,1.0
Rigor of Research Design,6.0,1.0
Rigor of Research Design,6.0,0.0
Rigor of Research Design,6.25,-0.5
Rigor of Research Design,6.25,-0.5
Rigor of Research Design,5.75,0.5
Rigor of Research Design,7.75,-0.5
Rigor of Research Design,6.0,0.0
Rigor of Research Design,6.75,-0.5
Rigor of Research Design,5.75,0.5
Rigor of Research Design,6.25,0.5
Rigor of Research Design,7.0,-1.0
Rigor of Research Design,6.0,0.0
Rigor of Research Design,5.5,0.0
Rigor of Research Design,6.0,1.0
Rigor of Research Design,6.0,0.0
Rigor of Research Design,6.25,0.5
Rigor of Research Design,6.0,0.0
Rigor of Research Design,6.0,0.0
Rigor of Research Design,6.25,0.5
Rigor of Research Design,6.0,0.0
Rigor of Research Design,6.5,-1.0
Rigor of Research Design,6.25,0.5
Rigor of Research Design,6.25,0.5
Rigor of Research Design,5.75,-0.5
Rigor of Research Design,6.25,-0.5
Rigor of Research Design,5.75,0.5
Rigor of Research Design,5.75,0.5
Rigor of Research Design,6.25,0.5
Rigor of Research Design,7.0,-1.0
Rigor of Research Design,6.25,0.5
Rigor of Research Design,6.25,0.5
Rigor of Research Design,6.5,1.0
Rigor of Research Design,6.25,0.5
Rigor of Research Design,5.75,0.5
Rigor of Research Design,6.25,0.5
Rigor of Research Design,6.5,0.0
Rigor of Research Design,7.0,-1.0
Rigor of Research Design,6.25,0.5
Rigor of Research Design,6.5,0.0
Rigor of Research Design,6.0,0.0
Rigor of Research Design,6.25,-0.5
Rigor of Research Design,6.5,0.0
Rigor of Research Design,5.75,1.5
Rigor of Research Design,6.25,0.5
Rigor of Research Design,6.0,1.0
Rigor of Research Design,5.5,1.0
Rigor of Research Design,6.25,0.5
Rigor of Research Design,6.0,0.0
Rigor of Research Design,6.0,0.0
Rigor of Research Design,6.5,0.0
Rigor of Research Design,7.0,0.0
Rigor of Research Design,5.75,0.5
Rigor of Research Design,6.25,0.5
Rigor of Research Design,6.0,0.0
Rigor of Research Design,6.5,0.0
Rigor of Research Design,6.25,0.5
Rigor of Research Design,6.0,1.0
Rigor of Research Design,6.5,0.0
Rigor of Research Design,6.75,-0.5
Rigor of Research Design,6.0,0.0
Rigor of Research Design,6.75,0.5
Rigor of Research Design,6.25,-0.5
Rigor of Research Design,6.5,-1.0
Rigor of Research Design,6.0,0.40000000000000036
Rigor of Research Design,6.0,0.0
Rigor of Research Design,6.75,-0.5
Rigor of Research Design,5.75,0.5
Rigor of Research Design,6.0,1.0
Rigor of Research Design,6.25,0.5
Rigor of Research Design,6.25,-0.5
Rigor of Research Design,6.25,0.5
Rigor of Research Design,6.25,0.5
Rigor of Research Design,5.75,0.5
Rigor of Research Design,6.25,-0.5
Rigor of Research Design,7.0,-1.0
Rigor of Research Design,5.85,-0.10000000000000053
Rigor of Research Design,5.75,0.5
Rigor of Research Design,6.0,0.0
Rigor of Research Design,6.5,0.0
Rigor of Research Design,6.75,-0.5
Rigor of Research Design,6.75,-0.5
Rigor of Research Design,6.75,-0.5
Rigor of Research Design,6.25,0.5
Rigor of Research Design,6.0,0.0
Rigor of Research Design,6.4,0.39999999999999947
Rigor of Research Design,6.25,0.5
Rigor of Research Design,7.0,-1.0
Rigor of Research Design,6.0,0.0
Rigor of Research Design,5.75,0.5
Rigor of Research Design,6.8,-0.5999999999999996
Rigor of Research Design,6.0,0.0
Rigor of Research Design,6.0,0.0
Rigor of Research Design,5.75,0.5
Rigor of Research Design,5.75,0.5
Rigor of Research Design,6.25,0.5
Rigor of Research Design,8.0,-1.0
Rigor of Research Design,6.25,0.5
Rigor of Research Design,6.75,-0.5
Rigor of Research Design,6.0,1.0
Rigor of Research Design,5.5,1.0
Rigor of Research Design,5.75,0.5
Rigor of Research Design,5.75,0.5
Rigor of Research Design,5.75,0.5
Rigor of Research Design,6.25,0.5
Rigor of Research Design,6.0,0.0
Rigor of Research Design,6.5,-1.0
Rigor of Research Design,6.25,0.5
Rigor of Research Design,6.5,0.0
Rigor of Research Design,5.75,0.5
Rigor of Research Design,7.0,-1.0
Rigor of Research Design,6.25,-0.5
Rigor of Research Design,8.25,-0.5
Rigor of Research Design,6.75,0.5
Rigor of Research Design,5.75,0.5
Rigor of Research Design,6.25,0.5
Rigor of Research Design,6.75,-0.5
Rigor of Research Design,6.75,-0.5
Rigor of Research Design,6.25,0.5
Rigor of Research Design,5.5,1.0
Rigor of Research Design,7.25,-0.5
Rigor of Research Design,6.75,-0.5
Rigor of Research Design,6.25,-0.5
Rigor of Research Design,6.75,-0.5
Rigor of Research Design,6.5,-1.0
Rigor of Research Design,7.0,-1.0
Rigor of Research Design,5.75,0.5
Rigor of Research Design,6.5,-1.0
Rigor of Research Design,6.25,0.5
Rigor of Research Design,6.25,-0.5
Rigor of Research Design,6.0,0.0
Rigor of Research Design,5.75,0.5
Rigor of Research Design,6.25,0.5
Rigor of Research Design,6.0,0.0
Rigor of Research Design,6.25,0.5
Rigor of Research Design,6.0,0.0
Rigor of Research Design,5.75,0.5
Rigor of Research Design,6.75,-0.5
Rigor of Research Design,6.75,0.5
Rigor of Research Design,6.0,1.0
Rigor of Research Design,5.75,0.5
Rigor of Research Design,5.75,0.5
Rigor of Research Design,6.75,-0.5
Rigor of Research Design,6.25,-0.5
Rigor of Research Design,6.0,0.0
Rigor of Research Design,6.75,-0.5
Rigor of Research Design,6.25,0.5
Rigor of Research Design,5.75,0.5
Rigor of Research Design,7.0,-1.0
Rigor of Research Design,6.25,-0.5
Rigor of Research Design,6.25,-0.5
Rigor of Research Design,5.0,1.0
Rigor of Research Design,4.5,3.0
Rigor of Research Design,6.25,-0.5
Rigor of Research Design,6.5,0.0
Rigor of Research Design,6.25,-0.5
Rigor of Research Design,6.25,0.5
Rigor of Research Design,6.0,1.0
Rigor of Research Design,6.25,0.5
Rigor of Research Design,6.75,-0.5
Rigor of Research Design,6.25,0.5
Rigor of Research Design,6.25,0.5
Rigor of Research Design,6.5,0.0
Rigor of Research Design,6.0,0.0
Rigor of Research Design,5.85,-0.10000000000000053
Rigor of Research Design,6.25,-0.5
Rigor of Research Design,6.25,0.5
Rigor of Research Design,6.25,0.5
Rigor of Research Design,6.25,-0.5
Rigor of Research Design,6.0,0.0
Rigor of Research Design,5.5,1.0
Rigor of Research Design,6.25,0.5
Rigor of Research Design,6.25,-0.5
Rigor of Research Design,6.25,-0.5
Rigor of Research Design,5.5,1.0
Rigor of Research Design,6.25,0.5
Rigor of Research Design,5.5,1.0
Rigor of Research Design,5.25,0.5
Rigor of Research Design,5.5,1.0
Rigor of Research Design,6.25,0.5
Rigor of Research Design,6.25,0.5
Rigor of Research Design,5.75,0.5
Rigor of Research Design,7.75,-0.5
Rigor of Research Design,6.0,0.0
Rigor of Research Design,8.0,-1.0
Rigor of Research Design,6.25,0.5
Rigor of Research Design,6.25,0.5
Rigor of Research Design,6.25,0.5
Rigor of Research Design,6.5,0.0
Rigor of Research Design,6.0,0.0
Rigor of Research Design,5.25,0.5
Rigor of Research Design,7.25,0.5
Rigor of Research Design,7.0,-1.0
Rigor of Research Design,5.75,0.5
Rigor of Research Design,5.75,0.5
Rigor of Research Design,6.0,0.0
Rigor of Research Design,7.0,-1.0
Rigor of Research Design,6.0,0.0
Rigor of Research Design,6.5,0.0
Rigor of Research Design,6.0,1.0
Rigor of Research Design,6.25,0.5
Rigor of Research Design,6.75,-0.5
Rigor of Research Design,6.25,0.5
Rigor of Research Design,6.25,0.5
Rigor of Research Design,,
Rigor of Research Design,5.75,0.5
Rigor of Research Design,5.75,0.5
Rigor of Research Design,6.75,-0.5
Rigor of Research Design,7.0,-1.0
Rigor of Research Design,5.5,1.0
Rigor of Research Design,6.25,0.5
Rigor of Research Design,8.0,-1.0
Rigor of Research Design,6.25,0.5
Rigor of Research Design,6.75,-0.5
Rigor of Research Design,6.0,1.0
Rigor of Research Design,6.0,0.0
Rigor of Research Design,6.0,0.0
Rigor of Research Design,6.0,0.0
Rigor of Research Design,6.5,0.0
Rigor of Research Design,6.5,0.0
Rigor of Research Design,7.25,-0.5
Rigor of Research Design,6.0,0.0
Rigor of Research Design,6.75,-0.5
Rigor of Research Design,6.0,0.0
Rigor of Research Design,5.75,0.5
Rigor of Research Design,6.75,0.5
Rigor of Research Design,6.0,0.0
Rigor of Research Design,6.25,0.5
Rigor of Research Design,6.25,0.5
Rigor of Research Design,7.5,-1.0
Rigor of Research Design,7.75,-0.5
Rigor of Research Design,6.25,-0.5
Rigor of Research Design,7.0,-1.0
Rigor of Research Design,6.25,-0.5
Rigor of Research Design,6.0,1.0
Rigor of Research Design,6.0,1.0
Rigor of Research Design,7.0,-1.0
Rigor of Research Design,6.0,0.0
Rigor of Research Design,5.5,1.0
Rigor of Research Design,6.0,0.0
Rigor of Research Design,6.0,0.0
Rigor of Research Design,6.25,-0.5
Rigor of Research Design,6.25,-0.5
Rigor of Research Design,6.25,-0.5
Rigor of Research Design,7.25,-0.5
Rigor of Research Design,5.75,0.5
Rigor of Research Design,7.5,-1.0
Rigor of Research Design,6.0,1.0
Rigor of Research Design,7.0,-1.0
Rigor of Research Design,6.75,-0.5
Rigor of Research Design,6.25,0.5
Rigor of Research Design,5.75,0.5
Rigor of Research Design,5.5,1.0
Rigor of Research Design,6.0,0.0
Rigor of Research Design,6.25,-0.5
Rigor of Research Design,6.25,-0.5
Rigor of Research Design,6.25,0.5
Rigor of Research Design,6.25,0.5
Rigor of Research Design,5.75,0.5
Rigor of Research Design,6.5,0.0
Rigor of Research Design,6.25,-0.5
Rigor of Research Design,5.75,0.5
Rigor of Research Design,8.0,-1.0
Rigor of Research Design,6.25,0.5
Rigor of Research Design,6.55,0.5
Rigor of Research Design,6.25,0.5
Rigor of Research Design,5.75,0.5
Rigor of Research Design,7.0,-1.0
Rigor of Research Design,6.0,1.0
Rigor of Research Design,6.75,-0.5
Rigor of Research Design,6.25,-0.5
Rigor of Research Design,6.5,-1.0
Rigor of Research Design,6.5,0.0
Rigor of Research Design,6.25,0.5
Rigor of Research Design,7.25,0.5
Rigor of Research Design,7.25,-0.5
Rigor of Research Design,6.5,0.0
Rigor of Research Design,6.75,-0.5
Rigor of Research Design,6.75,-0.5
Rigor of Research Design,6.25,0.5
Rigor of Research Design,5.75,0.5
Rigor of Research Design,6.25,0.5
Rigor of Research Design,6.0,0.0
Rigor of Research Design,6.25,0.5
Rigor of Research Design,6.25,-0.5
Rigor of Research Design,6.0,0.0
Rigor of Research Design,6.0,0.0
Rigor of Research Design,6.25,0.5
Rigor of Research Design,5.75,0.5
Rigor of Research Design,7.0,-1.0
Rigor of Research Design,6.25,0.5
Rigor of Research Design,6.25,0.5
Rigor of Research Design,6.0,0.0
Rigor of Research Design,6.75,-0.5
Rigor of Research Design,6.5,0.0
Rigor of Research Design,6.5,0.0
Rigor of Research Design,7.25,-0.5
Rigor of Research Design,6.25,0.5
Rigor of Research Design,5.75,0.5
Rigor of Research Design,6.75,-0.5
Rigor of Research Design,6.0,0.0
Rigor of Research Design,6.25,0.5
Rigor of Research Design,5.75,0.5
Rigor of Research Design,6.25,0.5
Rigor of Research Design,6.5,-1.0
Rigor of Research Design,6.25,0.5
Rigor of Research Design,5.75,0.5
Rigor of Research Design,5.75,0.5
Rigor of Research Design,7.0,-1.0
Rigor of Research Design,6.25,-0.5
Rigor of Research Design,5.75,0.5
Rigor of Research Design,5.75,0.5
Rigor of Research Design,6.0,0.0
Rigor of Research Design,6.25,0.5
Rigor of Research Design,6.5,0.0
Rigor of Research Design,6.25,0.5
Rigor of Research Design,5.75,0.5
Rigor of Research Design,6.75,-0.5
Rigor of Research Design,6.0,0.0
Rigor of Research Design,7.25,0.5
Rigor of Research Design,5.5,1.0
Rigor of Research Design,5.75,0.5
Rigor of Research Design,6.0,1.0
Rigor of Research Design,5.5,0.0
Rigor of Research Design,6.25,0.5
Rigor of Research Design,6.25,0.5
Rigor of Research Design,6.5,0.0
Rigor of Research Design,5.5,1.0
Rigor of Research Design,6.75,-0.5
Rigor of Research Design,5.5,1.0
Rigor of Research Design,6.5,-1.0
Rigor of Research Design,6.25,0.5
Rigor of Research Design,6.25,0.5
Rigor of Research Design,6.25,-0.5
Rigor of Research Design,6.25,0.5
Rigor of Research Design,5.75,0.5
Rigor of Research Design,6.75,-0.5
Rigor of Research Design,6.0,0.0
Rigor of Research Design,5.5,1.0
Rigor of Research Design,6.25,0.5
Rigor of Research Design,6.25,0.5
Rigor of Research Design,6.25,0.5
Rigor of Research Design,5.5,1.0
Rigor of Research Design,7.75,-0.5
Rigor of Research Design,7.0,-1.0
Rigor of Research Design,6.25,0.5
Rigor of Research Design,5.75,0.5
Rigor of Research Design,5.5,1.0
Rigor of Research Design,6.5,0.0
Rigor of Research Design,6.0,1.0
Rigor of Research Design,6.0,0.0
Rigor of Research Design,6.75,-0.5
Rigor of Research Design,6.25,0.5
Rigor of Research Design,7.0,-1.0
Rigor of Research Design,5.5,1.0
Rigor of Research Design,6.75,-0.5
Rigor of Research Design,6.25,0.5
Rigor of Research Design,6.5,0.0
Rigor of Research Design,6.0,0.0
Rigor of Research Design,6.25,0.5
Rigor of Research Design,5.75,0.5
Rigor of Research Design,6.25,0.5
Rigor of Research Design,6.25,0.5
Rigor of Research Design,6.0,0.0
Rigor of Research Design,7.0,-1.0
Rigor of Research Design,6.25,0.5
Rigor of Research Design,6.75,-0.5
Rigor of Research Design,6.25,0.5
Rigor of Research Design,7.25,-0.5
Rigor of Research Design,6.75,0.5
Rigor of Research Design,6.25,-0.5
Rigor of Research Design,6.75,-0.5
Rigor of Research Design,6.0,0.0
Rigor of Research Design,6.5,0.0
Rigor of Research Design,6.25,0.5
Rigor of Research Design,5.75,0.5
Rigor of Research Design,6.75,-0.5
Rigor of Research Design,6.25,0.5
Rigor of Research Design,5.5,1.0
Rigor of Research Design,6.25,0.5
Rigor of Research Design,6.25,0.5
Rigor of Research Design,6.0,1.0
Rigor of Research Design,7.0,-1.0
Rigor of Research Design,6.0,0.0
Rigor of Research Design,6.5,0.0
Rigor of Research Design,7.0,-1.0
Rigor of Research Design,6.25,0.5
Rigor of Research Design,5.75,0.5
Rigor of Research Design,5.75,0.5
Rigor of Research Design,7.25,0.5
Rigor of Research Design,6.0,0.0
Rigor of Research Design,6.75,-0.5
Rigor of Research Design,6.0,0.0
Rigor of Research Design,5.75,0.5
Rigor of Research Design,7.0,-1.0
Rigor of Research Design,6.25,0.5
Rigor of Research Design,5.25,0.5
Rigor of Research Design,5.75,0.5
Rigor of Research Design,6.25,-0.5
Rigor of Research Design,6.25,-0.5
Rigor of Research Design,5.5,1.0
Rigor of Research Design,5.5,1.0
Rigor of Research Design,6.25,0.5
Rigor of Research Design,5.5,1.0
Rigor of Research Design,6.25,0.5
Rigor of Research Design,6.5,0.0
Rigor of Research Design,6.0,0.0
Rigor of Research Design,5.85,0.10000000000000053
Rigor of Research Design,5.75,0.5
Rigor of Research Design,6.5,0.0
Rigor of Research Design,6.8,-0.40000000000000036
Rigor of Research Design,6.25,0.5
Rigor of Research Design,6.75,-0.5
Rigor of Research Design,6.25,0.5
Rigor of Research Design,6.0,0.0
Rigor of Research Design,5.75,0.5
Rigor of Research Design,5.5,1.0
Rigor of Research Design,6.0,0.0
Rigor of Research Design,7.0,-1.0
Rigor of Research Design,6.5,0.0
Rigor of Research Design,6.25,-0.5
Rigor of Research Design,6.25,-0.5
Rigor of Research Design,6.75,-0.5
Rigor of Research Design,6.25,-0.5
Rigor of Research Design,6.25,0.5
Rigor of Research Design,6.25,0.5
Rigor of Research Design,6.75,-0.5
Rigor of Research Design,6.75,-0.5
Rigor of Research Design,6.25,-0.5
Rigor of Research Design,6.0,0.0
Rigor of Research Design,6.0,0.0
Rigor of Research Design,5.5,1.0
Rigor of Research Design,6.0,0.0
Rigor of Research Design,6.25,-0.5
Rigor of Research Design,6.0,0.0
Rigor of Research Design,5.5,1.0
Rigor of Research Design,5.75,0.5
Rigor of Research Design,6.25,-0.5
Rigor of Research Design,6.25,0.5
Rigor of Research Design,5.75,0.5
Rigor of Research Design,5.5,1.0
Rigor of Research Design,7.0,-1.0
Rigor of Research Design,6.5,0.0
Rigor of Research Design,5.5,-1.0
Rigor of Research Design,5.75,0.5
Rigor of Research Design,6.75,-0.5
Rigor of Research Design,6.5,0.0
Rigor of Research Design,6.0,0.0
Rigor of Research Design,6.0,1.0
Rigor of Research Design,6.25,-0.5
Rigor of Research Design,6.25,-0.5
Rigor of Research Design,6.25,0.5
Rigor of Research Design,6.25,-0.5
Rigor of Research Design,6.25,-0.5
Rigor of Research Design,6.25,-0.5
Rigor of Research Design,6.25,0.5
Rigor of Research Design,5.75,0.5
Rigor of Research Design,6.0,0.0
Rigor of Research Design,7.5,0.0
Rigor of Research Design,6.0,0.0
Rigor of Research Design,6.25,0.5
Rigor of Research Design,6.0,0.0
Rigor of Research Design,7.0,-1.0
Rigor of Research Design,6.75,-0.5
Rigor of Research Design,6.0,0.0
Rigor of Research Design,6.25,0.5
Rigor of Research Design,6.25,0.5
Rigor of Research Design,6.25,0.5
Rigor of Research Design,7.5,-1.0
Rigor of Research Design,6.25,0.5
Rigor of Research Design,5.75,0.5
Rigor of Research Design,6.25,0.5
Rigor of Research Design,7.0,-1.0
Rigor of Research Design,6.0,1.0
Rigor of Research Design,6.75,-0.5
Rigor of Research Design,6.5,0.0
Rigor of Research Design,6.75,-0.5
Rigor of Research Design,7.0,-1.0
Rigor of Research Design,6.75,-0.5
Rigor of Research Design,6.0,0.0
Rigor of Research Design,6.25,0.5
Rigor of Research Design,6.0,0.0
Rigor of Research Design,6.75,-0.5
Rigor of Research Design,6.0,0.0
Rigor of Research Design,6.25,-0.5
Rigor of Research Design,6.0,0.0
Rigor of Research Design,7.0,-1.0
Rigor of Research Design,6.25,-0.5
Rigor of Research Design,6.75,-0.5
Rigor of Research Design,6.25,0.5
Rigor of Research Design,6.0,0.0
Rigor of Research Design,5.75,0.5
Rigor of Research Design,6.0,0.0
Rigor of Research Design,6.25,-0.5
Rigor of Research Design,6.25,0.5
Rigor of Research Design,6.25,-0.5
Rigor of Research Design,5.75,0.5
Rigor of Research Design,5.5,1.0
Rigor of Research Design,6.75,-0.5
Rigor of Research Design,6.25,-0.5
Rigor of Research Design,5.5,1.0
Rigor of Research Design,5.75,0.5
Rigor of Research Design,7.5,-1.0
Rigor of Research Design,6.75,-0.5
Rigor of Research Design,6.0,1.0
Rigor of Research Design,5.75,0.5
Rigor of Research Design,6.25,-0.5
Rigor of Research Design,6.25,0.5
Rigor of Research Design,5.75,0.5
Rigor of Research Design,6.0,1.0
Rigor of Research Design,7.0,-1.0
Rigor of Research Design,6.75,-0.5
Rigor of Research Design,5.75,0.5
Rigor of Research Design,6.25,-0.5
Rigor of Research Design,5.75,0.5
Rigor of Research Design,5.5,1.0
Inclusion of Latest Research Results,7.5,0.0
Inclusion of Latest Research Results,8.0,0.0
Inclusion of Latest Research Results,7.0,0.0
Inclusion of Latest Research Results,7.6,0.0
Inclusion of Latest Research Results,7.75,0.5
Inclusion of Latest Research Results,8.149999999999999,0.09999999999999964
Inclusion of Latest Research Results,7.5,1.0
Inclusion of Latest Research Results,7.75,0.5
Inclusion of Latest Research Results,7.75,0.5
Inclusion of Latest Research Results,7.75,0.5
Inclusion of Latest Research Results,7.75,-0.5
Inclusion of Latest Research Results,7.5,1.0
Inclusion of Latest Research Results,8.5,-1.0
Inclusion of Latest Research Results,7.75,0.5
Inclusion of Latest Research Results,8.5,-1.0
Inclusion of Latest Research Results,8.0,0.0
Inclusion of Latest Research Results,7.75,0.5
Inclusion of Latest Research Results,8.0,0.0
Inclusion of Latest Research Results,8.0,0.0
Inclusion of Latest Research Results,8.0,0.0
Inclusion of Latest Research Results,7.5,0.0
Inclusion of Latest Research Results,7.75,0.5
Inclusion of Latest Research Results,8.0,-1.0
Inclusion of Latest Research Results,7.75,0.5
Inclusion of Latest Research Results,7.75,0.5
Inclusion of Latest Research Results,7.5,1.0
Inclusion of Latest Research Results,8.25,0.5
Inclusion of Latest Research Results,7.75,0.5
Inclusion of Latest Research Results,8.5,-1.0
Inclusion of Latest Research Results,8.0,0.0
Inclusion of Latest Research Results,7.5,1.0
Inclusion of Latest Research Results,7.5,0.0
Inclusion of Latest Research Results,8.0,0.0
Inclusion of Latest Research Results,8.25,0.5
Inclusion of Latest Research Results,7.5,1.0
Inclusion of Latest Research Results,7.5,1.0
Inclusion of Latest Research Results,8.0,0.0
Inclusion of Latest Research Results,8.0,0.0
Inclusion of Latest Research Results,8.25,-0.5
Inclusion of Latest Research Results,7.5,0.0
Inclusion of Latest Research Results,8.25,-0.5
Inclusion of Latest Research Results,8.0,0.0
Inclusion of Latest Research Results,8.0,0.0
Inclusion of Latest Research Results,7.75,0.5
Inclusion of Latest Research Results,8.0,0.0
Inclusion of Latest Research Results,9.0,-1.0
Inclusion of Latest Research Results,8.0,0.0
Inclusion of Latest Research Results,7.0,0.0
Inclusion of Latest Research Results,7.5,1.0
Inclusion of Latest Research Results,8.0,0.0
Inclusion of Latest Research Results,8.75,-0.5
Inclusion of Latest Research Results,7.5,0.0
Inclusion of Latest Research Results,8.0,0.0
Inclusion of Latest Research Results,8.25,0.5
Inclusion of Latest Research Results,7.5,0.0
Inclusion of Latest Research Results,8.0,-1.0
Inclusion of Latest Research Results,8.25,-0.5
Inclusion of Latest Research Results,8.0,1.0
Inclusion of Latest Research Results,8.0,0.0
Inclusion of Latest Research Results,8.25,-0.5
Inclusion of Latest Research Results,7.75,0.5
Inclusion of Latest Research Results,7.75,0.5
Inclusion of Latest Research Results,8.25,0.5
Inclusion of Latest Research Results,8.0,-1.0
Inclusion of Latest Research Results,8.25,0.5
Inclusion of Latest Research Results,7.75,0.5
Inclusion of Latest Research Results,8.0,-1.0
Inclusion of Latest Research Results,8.25,0.5
Inclusion of Latest Research Results,7.75,0.5
Inclusion of Latest Research Results,8.0,1.0
Inclusion of Latest Research Results,8.25,0.5
Inclusion of Latest Research Results,8.25,-0.5
Inclusion of Latest Research Results,8.25,0.5
Inclusion of Latest Research Results,8.5,0.0
Inclusion of Latest Research Results,8.0,0.0
Inclusion of Latest Research Results,8.25,-0.5
Inclusion of Latest Research Results,8.0,0.0
Inclusion of Latest Research Results,7.25,1.5
Inclusion of Latest Research Results,7.75,0.5
Inclusion of Latest Research Results,8.0,1.0
Inclusion of Latest Research Results,7.25,1.5
Inclusion of Latest Research Results,8.25,-0.5
Inclusion of Latest Research Results,8.0,0.0
Inclusion of Latest Research Results,7.5,0.0
Inclusion of Latest Research Results,8.0,-1.0
Inclusion of Latest Research Results,7.5,-1.0
Inclusion of Latest Research Results,7.75,0.5
Inclusion of Latest Research Results,7.75,0.5
Inclusion of Latest Research Results,8.0,0.0
Inclusion of Latest Research Results,7.0,0.0
Inclusion of Latest Research Results,7.75,0.5
Inclusion of Latest Research Results,7.75,0.5
Inclusion of Latest Research Results,8.0,0.0
Inclusion of Latest Research Results,8.25,-0.5
Inclusion of Latest Research Results,8.0,0.0
Inclusion of Latest Research Results,8.0,1.0
Inclusion of Latest Research Results,8.25,-0.5
Inclusion of Latest Research Results,8.25,-0.5
Inclusion of Latest Research Results,7.75,1.1000000000000005
Inclusion of Latest Research Results,8.0,0.0
Inclusion of Latest Research Results,8.25,-0.5
Inclusion of Latest Research Results,8.25,-0.5
Inclusion of Latest Research Results,7.5,1.0
Inclusion of Latest Research Results,7.75,0.5
Inclusion of Latest Research Results,8.0,0.0
Inclusion of Latest Research Results,8.25,0.5
Inclusion of Latest Research Results,7.75,0.5
Inclusion of Latest Research Results,7.75,0.5
Inclusion of Latest Research Results,8.0,0.0
Inclusion of Latest Research Results,8.25,-0.5
Inclusion of Latest Research Results,8.149999999999999,0.09999999999999964
Inclusion of Latest Research Results,7.5,1.0
Inclusion of Latest Research Results,8.0,0.0
Inclusion of Latest Research Results,8.0,0.0
Inclusion of Latest Research Results,8.25,-0.5
Inclusion of Latest Research Results,8.25,-0.5
Inclusion of Latest Research Results,8.0,-1.0
Inclusion of Latest Research Results,7.75,0.5
Inclusion of Latest Research Results,8.0,0.0
Inclusion of Latest Research Results,8.600000000000001,0.40000000000000036
Inclusion of Latest Research Results,8.25,0.5
Inclusion of Latest Research Results,8.25,-0.5
Inclusion of Latest Research Results,8.0,0.0
Inclusion of Latest Research Results,7.75,0.5
Inclusion of Latest Research Results,8.5,-0.6000000000000014
Inclusion of Latest Research Results,8.0,0.0
Inclusion of Latest Research Results,8.0,0.0
Inclusion of Latest Research Results,7.75,0.5
Inclusion of Latest Research Results,7.75,0.5
Inclusion of Latest Research Results,7.75,0.5
Inclusion of Latest Research Results,8.5,-1.0
Inclusion of Latest Research Results,8.25,0.5
Inclusion of Latest Research Results,8.25,-0.5
Inclusion of Latest Research Results,8.0,0.0
Inclusion of Latest Research Results,7.25,1.5
Inclusion of Latest Research Results,7.75,0.5
Inclusion of Latest Research Results,7.75,0.5
Inclusion of Latest Research Results,7.75,0.5
Inclusion of Latest Research Results,7.25,0.5
Inclusion of Latest Research Results,8.0,0.0
Inclusion of Latest Research Results,8.5,-1.0
Inclusion of Latest Research Results,7.75,0.5
Inclusion of Latest Research Results,7.5,0.0
Inclusion of Latest Research Results,7.75,0.5
Inclusion of Latest Research Results,8.5,-1.0
Inclusion of Latest Research Results,7.75,0.5
Inclusion of Latest Research Results,8.75,-0.5
Inclusion of Latest Research Results,8.25,0.5
Inclusion of Latest Research Results,8.0,0.0
Inclusion of Latest Research Results,7.75,0.5
Inclusion of Latest Research Results,7.75,-0.5
Inclusion of Latest Research Results,8.25,-0.5
Inclusion of Latest Research Results,8.25,0.5
Inclusion of Latest Research Results,7.5,1.0
Inclusion of Latest Research Results,8.25,-0.5
Inclusion of Latest Research Results,8.25,-0.5
Inclusion of Latest Research Results,8.0,0.0
Inclusion of Latest Research Results,7.75,-0.5
Inclusion of Latest Research Results,8.75,-0.5
Inclusion of Latest Research Results,8.5,-1.0
Inclusion of Latest Research Results,7.75,0.5
Inclusion of Latest Research Results,8.25,-0.5
Inclusion of Latest Research Results,7.5,1.0
Inclusion of Latest Research Results,8.0,0.0
Inclusion of Latest Research Results,8.0,0.0
Inclusion of Latest Research Results,7.75,0.5
Inclusion of Latest Research Results,8.25,-0.5
Inclusion of Latest Research Results,8.5,-1.0
Inclusion of Latest Research Results,8.25,0.5
Inclusion of Latest Research Results,7.5,0.0
Inclusion of Latest Research Results,7.75,0.5
Inclusion of Latest Research Results,8.25,-0.5
Inclusion of Latest Research Results,8.25,0.5
Inclusion of Latest Research Results,7.5,1.0
Inclusion of Latest Research Results,7.75,0.5
Inclusion of Latest Research Results,7.75,0.5
Inclusion of Latest Research Results,7.75,-0.5
Inclusion of Latest Research Results,8.25,-0.5
Inclusion of Latest Research Results,8.0,0.0
Inclusion of Latest Research Results,8.25,-0.5
Inclusion of Latest Research Results,8.75,-0.5
Inclusion of Latest Research Results,7.25,0.5
Inclusion of Latest Research Results,8.25,-0.5
Inclusion of Latest Research Results,7.75,0.5
Inclusion of Latest Research Results,8.0,-1.0
Inclusion of Latest Research Results,7.5,1.0
Inclusion of Latest Research Results,8.0,0.0
Inclusion of Latest Research Results,8.25,-0.5
Inclusion of Latest Research Results,8.0,0.0
Inclusion of Latest Research Results,8.25,-0.5
Inclusion of Latest Research Results,8.25,0.5
Inclusion of Latest Research Results,8.0,1.0
Inclusion of Latest Research Results,8.0,1.0
Inclusion of Latest Research Results,8.25,-0.5
Inclusion of Latest Research Results,7.75,0.5
Inclusion of Latest Research Results,7.75,0.5
Inclusion of Latest Research Results,8.0,0.0
Inclusion of Latest Research Results,8.0,0.0
Inclusion of Latest Research Results,8.05,-0.09999999999999964
Inclusion of Latest Research Results,7.75,0.5
Inclusion of Latest Research Results,7.75,0.5
Inclusion of Latest Research Results,8.25,0.5
Inclusion of Latest Research Results,8.25,-0.5
Inclusion of Latest Research Results,8.0,0.0
Inclusion of Latest Research Results,7.5,1.0
Inclusion of Latest Research Results,7.75,0.5
Inclusion of Latest Research Results,8.25,-0.5
Inclusion of Latest Research Results,8.25,-0.5
Inclusion of Latest Research Results,7.5,1.0
Inclusion of Latest Research Results,8.25,0.5
Inclusion of Latest Research Results,7.5,1.0
Inclusion of Latest Research Results,7.25,1.5
Inclusion of Latest Research Results,7.5,1.0
Inclusion of Latest Research Results,8.25,0.5
Inclusion of Latest Research Results,7.75,0.5
Inclusion of Latest Research Results,7.75,0.5
Inclusion of Latest Research Results,8.0,-1.0
Inclusion of Latest Research Results,8.0,0.0
Inclusion of Latest Research Results,8.25,-0.5
Inclusion of Latest Research Results,8.25,0.5
Inclusion of Latest Research Results,8.0,0.0
Inclusion of Latest Research Results,8.25,0.5
Inclusion of Latest Research Results,7.0,1.0
Inclusion of Latest Research Results,8.0,0.0
Inclusion of Latest Research Results,7.75,0.5
Inclusion of Latest Research Results,8.25,0.5
Inclusion of Latest Research Results,8.0,-1.0
Inclusion of Latest Research Results,7.75,0.5
Inclusion of Latest Research Results,7.75,0.5
Inclusion of Latest Research Results,8.0,0.0
Inclusion of Latest Research Results,8.25,-1.5
Inclusion of Latest Research Results,8.0,0.0
Inclusion of Latest Research Results,7.5,0.0
Inclusion of Latest Research Results,7.5,1.0
Inclusion of Latest Research Results,7.75,0.5
Inclusion of Latest Research Results,7.5,0.0
Inclusion of Latest Research Results,8.25,0.5
Inclusion of Latest Research Results,8.0,1.0
Inclusion of Latest Research Results,,
Inclusion of Latest Research Results,7.75,0.5
Inclusion of Latest Research Results,7.75,0.5
Inclusion of Latest Research Results,7.75,-0.5
Inclusion of Latest Research Results,8.25,-0.5
Inclusion of Latest Research Results,7.5,1.0
Inclusion of Latest Research Results,7.75,0.5
Inclusion of Latest Research Results,8.5,-1.0
Inclusion of Latest Research Results,8.0,-1.0
Inclusion of Latest Research Results,8.0,-1.0
Inclusion of Latest Research Results,8.0,1.0
Inclusion of Latest Research Results,8.0,0.0
Inclusion of Latest Research Results,8.0,0.0
Inclusion of Latest Research Results,8.0,0.0
Inclusion of Latest Research Results,8.0,0.0
Inclusion of Latest Research Results,8.0,0.0
Inclusion of Latest Research Results,8.0,-1.0
Inclusion of Latest Research Results,8.0,0.0
Inclusion of Latest Research Results,8.25,-0.5
Inclusion of Latest Research Results,8.0,0.0
Inclusion of Latest Research Results,7.5,0.0
Inclusion of Latest Research Results,8.25,-0.5
Inclusion of Latest Research Results,8.0,0.0
Inclusion of Latest Research Results,8.25,0.5
Inclusion of Latest Research Results,7.5,1.0
Inclusion of Latest Research Results,8.25,-0.5
Inclusion of Latest Research Results,8.25,-0.5
Inclusion of Latest Research Results,7.5,0.0
Inclusion of Latest Research Results,8.25,-0.5
Inclusion of Latest Research Results,7.75,-0.5
Inclusion of Latest Research Results,8.5,0.0
Inclusion of Latest Research Results,8.0,1.0
Inclusion of Latest Research Results,8.0,-1.0
Inclusion of Latest Research Results,8.0,0.0
Inclusion of Latest Research Results,7.5,1.0
Inclusion of Latest Research Results,8.0,0.0
Inclusion of Latest Research Results,8.0,0.0
Inclusion of Latest Research Results,8.0,0.0
Inclusion of Latest Research Results,8.25,-0.5
Inclusion of Latest Research Results,8.25,-0.5
Inclusion of Latest Research Results,8.25,-0.5
Inclusion of Latest Research Results,8.75,-0.5
Inclusion of Latest Research Results,8.75,-0.5
Inclusion of Latest Research Results,8.0,1.0
Inclusion of Latest Research Results,8.25,-0.5
Inclusion of Latest Research Results,8.25,-0.5
Inclusion of Latest Research Results,8.0,0.0
Inclusion of Latest Research Results,8.25,0.5
Inclusion of Latest Research Results,7.5,1.0
Inclusion of Latest Research Results,8.0,0.0
Inclusion of Latest Research Results,8.25,-0.5
Inclusion of Latest Research Results,8.0,0.0
Inclusion of Latest Research Results,7.75,0.5
Inclusion of Latest Research Results,7.75,0.5
Inclusion of Latest Research Results,7.75,0.5
Inclusion of Latest Research Results,8.0,0.0
Inclusion of Latest Research Results,8.0,-1.0
Inclusion of Latest Research Results,7.0,1.0
Inclusion of Latest Research Results,8.0,1.0
Inclusion of Latest Research Results,8.25,0.5
Inclusion of Latest Research Results,7.949999999999999,0.4999999999999991
Inclusion of Latest Research Results,7.75,0.5
Inclusion of Latest Research Results,7.75,0.5
Inclusion of Latest Research Results,8.0,-1.0
Inclusion of Latest Research Results,8.0,1.0
Inclusion of Latest Research Results,8.0,-1.0
Inclusion of Latest Research Results,8.25,-0.5
Inclusion of Latest Research Results,8.25,-0.5
Inclusion of Latest Research Results,8.0,-1.0
Inclusion of Latest Research Results,8.25,0.5
Inclusion of Latest Research Results,8.0,0.0
Inclusion of Latest Research Results,8.75,-0.5
Inclusion of Latest Research Results,8.5,0.0
Inclusion of Latest Research Results,8.25,-0.5
Inclusion of Latest Research Results,8.0,-1.0
Inclusion of Latest Research Results,8.25,-0.5
Inclusion of Latest Research Results,7.5,1.0
Inclusion of Latest Research Results,8.25,0.5
Inclusion of Latest Research Results,8.0,0.0
Inclusion of Latest Research Results,8.25,-0.5
Inclusion of Latest Research Results,8.0,0.0
Inclusion of Latest Research Results,8.0,0.0
Inclusion of Latest Research Results,8.0,0.0
Inclusion of Latest Research Results,7.75,0.5
Inclusion of Latest Research Results,7.75,0.5
Inclusion of Latest Research Results,8.25,-0.5
Inclusion of Latest Research Results,7.75,0.5
Inclusion of Latest Research Results,8.0,0.0
Inclusion of Latest Research Results,7.0,0.0
Inclusion of Latest Research Results,8.0,0.0
Inclusion of Latest Research Results,7.5,0.0
Inclusion of Latest Research Results,8.5,0.0
Inclusion of Latest Research Results,8.0,-1.0
Inclusion of Latest Research Results,7.5,1.0
Inclusion of Latest Research Results,8.0,0.0
Inclusion of Latest Research Results,7.75,-0.5
Inclusion of Latest Research Results,8.0,0.0
Inclusion of Latest Research Results,7.5,1.0
Inclusion of Latest Research Results,8.0,0.0
Inclusion of Latest Research Results,8.0,0.0
Inclusion of Latest Research Results,8.25,-0.5
Inclusion of Latest Research Results,8.25,0.5
Inclusion of Latest Research Results,7.75,0.5
Inclusion of Latest Research Results,7.75,0.5
Inclusion of Latest Research Results,8.25,-0.5
Inclusion of Latest Research Results,8.25,0.5
Inclusion of Latest Research Results,7.75,0.5
Inclusion of Latest Research Results,7.75,0.5
Inclusion of Latest Research Results,8.0,0.0
Inclusion of Latest Research Results,8.25,0.5
Inclusion of Latest Research Results,7.5,0.0
Inclusion of Latest Research Results,8.25,0.5
Inclusion of Latest Research Results,7.75,0.5
Inclusion of Latest Research Results,7.75,-0.5
Inclusion of Latest Research Results,8.0,0.0
Inclusion of Latest Research Results,8.75,-0.5
Inclusion of Latest Research Results,8.0,0.0
Inclusion of Latest Research Results,7.75,0.5
Inclusion of Latest Research Results,8.0,1.0
Inclusion of Latest Research Results,7.5,0.0
Inclusion of Latest Research Results,8.25,0.5
Inclusion of Latest Research Results,7.75,0.5
Inclusion of Latest Research Results,8.5,0.0
Inclusion of Latest Research Results,7.75,0.5
Inclusion of Latest Research Results,7.75,-0.5
Inclusion of Latest Research Results,7.5,1.0
Inclusion of Latest Research Results,8.0,0.0
Inclusion of Latest Research Results,8.0,0.0
Inclusion of Latest Research Results,8.25,0.5
Inclusion of Latest Research Results,8.0,0.0
Inclusion of Latest Research Results,7.5,1.0
Inclusion of Latest Research Results,8.0,-1.0
Inclusion of Latest Research Results,7.75,-0.5
Inclusion of Latest Research Results,8.0,0.0
Inclusion of Latest Research Results,7.5,1.0
Inclusion of Latest Research Results,7.75,0.5
Inclusion of Latest Research Results,7.75,0.5
Inclusion of Latest Research Results,7.75,0.5
Inclusion of Latest Research Results,8.0,0.0
Inclusion of Latest Research Results,8.25,-0.5
Inclusion of Latest Research Results,8.25,-0.5
Inclusion of Latest Research Results,7.5,1.0
Inclusion of Latest Research Results,7.75,0.5
Inclusion of Latest Research Results,8.0,0.0
Inclusion of Latest Research Results,8.0,0.0
Inclusion of Latest Research Results,8.25,-0.5
Inclusion of Latest Research Results,7.75,0.5
Inclusion of Latest Research Results,8.25,-0.5
Inclusion of Latest Research Results,7.75,0.5
Inclusion of Latest Research Results,8.0,-1.0
Inclusion of Latest Research Results,7.5,1.0
Inclusion of Latest Research Results,8.25,-0.5
Inclusion of Latest Research Results,8.25,0.5
Inclusion of Latest Research Results,8.5,0.0
Inclusion of Latest Research Results,8.0,0.0
Inclusion of Latest Research Results,8.25,0.5
Inclusion of Latest Research Results,7.5,1.0
Inclusion of Latest Research Results,7.75,0.5
Inclusion of Latest Research Results,8.25,0.5
Inclusion of Latest Research Results,8.0,0.0
Inclusion of Latest Research Results,8.0,-1.0
Inclusion of Latest Research Results,7.75,0.5
Inclusion of Latest Research Results,8.25,-0.5
Inclusion of Latest Research Results,8.0,-1.0
Inclusion of Latest Research Results,7.75,-0.5
Inclusion of Latest Research Results,7.5,1.0
Inclusion of Latest Research Results,7.75,-0.5
Inclusion of Latest Research Results,7.75,-0.5
Inclusion of Latest Research Results,7.5,0.0
Inclusion of Latest Research Results,8.0,0.0
Inclusion of Latest Research Results,7.75,0.5
Inclusion of Latest Research Results,7.75,0.5
Inclusion of Latest Research Results,8.25,-0.5
Inclusion of Latest Research Results,8.25,-0.5
Inclusion of Latest Research Results,8.0,1.0
Inclusion of Latest Research Results,7.75,0.5
Inclusion of Latest Research Results,8.25,0.5
Inclusion of Latest Research Results,7.5,1.0
Inclusion of Latest Research Results,8.25,-0.5
Inclusion of Latest Research Results,8.0,0.0
Inclusion of Latest Research Results,8.0,0.0
Inclusion of Latest Research Results,8.25,-0.5
Inclusion of Latest Research Results,7.75,0.5
Inclusion of Latest Research Results,7.75,0.5
Inclusion of Latest Research Results,7.75,0.5
Inclusion of Latest Research Results,7.75,0.5
Inclusion of Latest Research Results,7.5,0.0
Inclusion of Latest Research Results,8.25,-0.5
Inclusion of Latest Research Results,8.0,0.0
Inclusion of Latest Research Results,7.5,1.0
Inclusion of Latest Research Results,8.5,-1.0
Inclusion of Latest Research Results,7.5,1.0
Inclusion of Latest Research Results,7.5,0.0
Inclusion of Latest Research Results,7.25,0.5
Inclusion of Latest Research Results,7.75,-0.5
Inclusion of Latest Research Results,8.25,-0.5
Inclusion of Latest Research Results,7.5,1.0
Inclusion of Latest Research Results,7.5,1.0
Inclusion of Latest Research Results,8.25,-0.5
Inclusion of Latest Research Results,8.0,0.0
Inclusion of Latest Research Results,8.0,1.0
Inclusion of Latest Research Results,8.5,0.0
Inclusion of Latest Research Results,7.5,0.0
Inclusion of Latest Research Results,8.850000000000001,0.09999999999999964
Inclusion of Latest Research Results,7.75,0.5
Inclusion of Latest Research Results,8.0,0.0
Inclusion of Latest Research Results,8.1,-0.1999999999999993
Inclusion of Latest Research Results,7.75,0.5
Inclusion of Latest Research Results,8.25,-0.5
Inclusion of Latest Research Results,8.0,-1.0
Inclusion of Latest Research Results,8.0,0.0
Inclusion of Latest Research Results,7.5,1.0
Inclusion of Latest Research Results,7.5,1.0
Inclusion of Latest Research Results,7.5,0.0
Inclusion of Latest Research Results,8.25,-0.5
Inclusion of Latest Research Results,8.0,0.0
Inclusion of Latest Research Results,8.25,-0.5
Inclusion of Latest Research Results,8.25,-0.5
Inclusion of Latest Research Results,7.75,-0.5
Inclusion of Latest Research Results,8.25,-0.5
Inclusion of Latest Research Results,7.75,0.5
Inclusion of Latest Research Results,8.0,1.0
Inclusion of Latest Research Results,8.25,-0.5
Inclusion of Latest Research Results,8.0,0.0
Inclusion of Latest Research Results,8.25,-0.5
Inclusion of Latest Research Results,8.0,0.0
Inclusion of Latest Research Results,8.0,0.0
Inclusion of Latest Research Results,7.5,1.0
Inclusion of Latest Research Results,8.0,0.0
Inclusion of Latest Research Results,7.25,0.5
Inclusion of Latest Research Results,8.0,0.0
Inclusion of Latest Research Results,7.5,1.0
Inclusion of Latest Research Results,8.0,0.0
Inclusion of Latest Research Results,8.0,0.0
Inclusion of Latest Research Results,8.25,-0.5
Inclusion of Latest Research Results,8.0,0.0
Inclusion of Latest Research Results,7.5,1.0
Inclusion of Latest Research Results,8.5,0.0
Inclusion of Latest Research Results,8.0,0.0
Inclusion of Latest Research Results,6.5,-1.0
Inclusion of Latest Research Results,7.75,0.5
Inclusion of Latest Research Results,7.75,-0.5
Inclusion of Latest Research Results,7.5,0.0
Inclusion of Latest Research Results,7.5,0.0
Inclusion of Latest Research Results,7.5,1.0
Inclusion of Latest Research Results,8.0,0.0
Inclusion of Latest Research Results,8.0,0.0
Inclusion of Latest Research Results,7.75,0.5
Inclusion of Latest Research Results,8.25,-0.5
Inclusion of Latest Research Results,8.0,0.0
Inclusion of Latest Research Results,8.25,-0.5
Inclusion of Latest Research Results,8.25,0.5
Inclusion of Latest Research Results,7.75,0.5
Inclusion of Latest Research Results,8.0,0.0
Inclusion of Latest Research Results,7.5,0.0
Inclusion of Latest Research Results,8.0,0.0
Inclusion of Latest Research Results,8.0,0.0
Inclusion of Latest Research Results,8.0,0.0
Inclusion of Latest Research Results,8.5,-1.0
Inclusion of Latest Research Results,8.0,0.0
Inclusion of Latest Research Results,8.0,0.0
Inclusion of Latest Research Results,7.25,0.5
Inclusion of Latest Research Results,8.0,0.0
Inclusion of Latest Research Results,7.75,0.5
Inclusion of Latest Research Results,9.0,-1.0
Inclusion of Latest Research Results,8.0,0.0
Inclusion of Latest Research Results,7.5,1.0
Inclusion of Latest Research Results,8.25,0.5
Inclusion of Latest Research Results,8.25,-0.5
Inclusion of Latest Research Results,7.75,0.5
Inclusion of Latest Research Results,8.0,-1.0
Inclusion of Latest Research Results,7.5,0.0
Inclusion of Latest Research Results,8.75,-0.5
Inclusion of Latest Research Results,8.25,-0.5
Inclusion of Latest Research Results,8.25,-0.5
Inclusion of Latest Research Results,7.25,1.5
Inclusion of Latest Research Results,8.25,0.5
Inclusion of Latest Research Results,8.0,0.0
Inclusion of Latest Research Results,8.0,-1.0
Inclusion of Latest Research Results,8.0,0.0
Inclusion of Latest Research Results,8.5,0.0
Inclusion of Latest Research Results,8.0,0.0
Inclusion of Latest Research Results,8.25,-0.5
Inclusion of Latest Research Results,7.75,-0.5
Inclusion of Latest Research Results,8.5,0.0
Inclusion of Latest Research Results,8.0,0.0
Inclusion of Latest Research Results,7.5,0.0
Inclusion of Latest Research Results,7.5,1.0
Inclusion of Latest Research Results,8.5,0.0
Inclusion of Latest Research Results,8.25,-0.5
Inclusion of Latest Research Results,7.75,0.5
Inclusion of Latest Research Results,7.75,0.5
Inclusion of Latest Research Results,7.75,0.5
Inclusion of Latest Research Results,7.25,0.5
Inclusion of Latest Research Results,8.25,-0.5
Inclusion of Latest Research Results,7.75,-0.5
Inclusion of Latest Research Results,7.0,1.0
Inclusion of Latest Research Results,7.75,0.5
Inclusion of Latest Research Results,8.25,-0.5
Inclusion of Latest Research Results,8.25,-0.5
Inclusion of Latest Research Results,8.25,-0.5
Inclusion of Latest Research Results,7.75,0.5
Inclusion of Latest Research Results,7.25,-0.5
Inclusion of Latest Research Results,7.75,0.5
Inclusion of Latest Research Results,7.6,0.7999999999999998
Inclusion of Latest Research Results,8.5,-1.0
Inclusion of Latest Research Results,8.0,-1.0
Inclusion of Latest Research Results,7.75,-0.5
Inclusion of Latest Research Results,7.75,0.5
Inclusion of Latest Research Results,7.75,-0.5
Inclusion of Latest Research Results,7.25,0.5
Inclusion of Latest Research Results,7.5,1.0
Reflection of Current Research Hotspots,6.75,0.5
Reflection of Current Research Hotspots,7.0,0.0
Reflection of Current Research Hotspots,6.0,0.0
Reflection of Current Research Hotspots,6.8,0.0
Reflection of Current Research Hotspots,7.25,0.5
Reflection of Current Research Hotspots,7.75,0.09999999999999964
Reflection of Current Research Hotspots,6.5,1.0
Reflection of Current Research Hotspots,7.25,0.5
Reflection of Current Research Hotspots,6.75,0.5
Reflection of Current Research Hotspots,7.25,0.5
Reflection of Current Research Hotspots,7.0,-1.0
Reflection of Current Research Hotspots,6.5,1.0
Reflection of Current Research Hotspots,8.0,-1.0
Reflection of Current Research Hotspots,6.75,0.5
Reflection of Current Research Hotspots,8.0,-1.0
Reflection of Current Research Hotspots,7.25,-0.5
Reflection of Current Research Hotspots,7.25,0.5
Reflection of Current Research Hotspots,7.5,0.0
Reflection of Current Research Hotspots,7.0,0.0
Reflection of Current Research Hotspots,7.5,0.0
Reflection of Current Research Hotspots,7.5,0.0
Reflection of Current Research Hotspots,7.25,0.5
Reflection of Current Research Hotspots,7.75,-1.5
Reflection of Current Research Hotspots,7.25,0.5
Reflection of Current Research Hotspots,7.25,0.5
Reflection of Current Research Hotspots,6.5,1.0
Reflection of Current Research Hotspots,7.25,0.5
Reflection of Current Research Hotspots,6.75,0.5
Reflection of Current Research Hotspots,8.0,-1.0
Reflection of Current Research Hotspots,7.5,0.0
Reflection of Current Research Hotspots,7.0,1.0
Reflection of Current Research Hotspots,6.5,0.0
Reflection of Current Research Hotspots,7.25,-0.5
Reflection of Current Research Hotspots,7.25,0.5
Reflection of Current Research Hotspots,6.5,1.0
Reflection of Current Research Hotspots,7.5,1.0
Reflection of Current Research Hotspots,7.0,0.0
Reflection of Current Research Hotspots,7.5,0.0
Reflection of Current Research Hotspots,7.25,-0.5
Reflection of Current Research Hotspots,7.0,0.0
Reflection of Current Research Hotspots,8.0,-1.0
Reflection of Current Research Hotspots,7.0,0.0
Reflection of Current Research Hotspots,7.75,-0.5
Reflection of Current Research Hotspots,6.75,0.5
Reflection of Current Research Hotspots,7.5,0.0
Reflection of Current Research Hotspots,8.5,-1.0
Reflection of Current Research Hotspots,7.0,0.0
Reflection of Current Research Hotspots,6.5,0.0
Reflection of Current Research Hotspots,7.5,1.0
Reflection of Current Research Hotspots,7.0,0.0
Reflection of Current Research Hotspots,8.0,-1.0
Reflection of Current Research Hotspots,7.0,0.0
Reflection of Current Research Hotspots,6.5,1.0
Reflection of Current Research Hotspots,7.25,0.5
Reflection of Current Research Hotspots,7.0,0.0
Reflection of Current Research Hotspots,7.5,-1.0
Reflection of Current Research Hotspots,7.75,-0.5
Reflection of Current Research Hotspots,7.75,0.5
Reflection of Current Research Hotspots,7.75,-0.5
Reflection of Current Research Hotspots,7.25,-0.5
Reflection of Current Research Hotspots,7.25,0.5
Reflection of Current Research Hotspots,7.25,0.5
Reflection of Current Research Hotspots,7.75,0.5
Reflection of Current Research Hotspots,7.5,-1.0
Reflection of Current Research Hotspots,7.25,0.5
Reflection of Current Research Hotspots,7.0,1.0
Reflection of Current Research Hotspots,7.5,-1.0
Reflection of Current Research Hotspots,7.5,0.0
Reflection of Current Research Hotspots,6.75,0.5
Reflection of Current Research Hotspots,7.5,1.0
Reflection of Current Research Hotspots,7.25,0.5
Reflection of Current Research Hotspots,7.75,-0.5
Reflection of Current Research Hotspots,7.75,0.5
Reflection of Current Research Hotspots,7.5,0.0
Reflection of Current Research Hotspots,7.0,0.0
Reflection of Current Research Hotspots,7.75,-0.5
Reflection of Current Research Hotspots,7.5,0.0
Reflection of Current Research Hotspots,6.75,1.5
Reflection of Current Research Hotspots,7.25,0.5
Reflection of Current Research Hotspots,7.5,1.0
Reflection of Current Research Hotspots,6.25,1.5
Reflection of Current Research Hotspots,8.0,-1.0
Reflection of Current Research Hotspots,7.5,0.0
Reflection of Current Research Hotspots,7.5,0.0
Reflection of Current Research Hotspots,7.5,-1.0
Reflection of Current Research Hotspots,7.5,-1.0
Reflection of Current Research Hotspots,7.25,0.5
Reflection of Current Research Hotspots,7.25,0.5
Reflection of Current Research Hotspots,7.0,0.0
Reflection of Current Research Hotspots,6.5,0.0
Reflection of Current Research Hotspots,7.25,0.5
Reflection of Current Research Hotspots,7.25,0.5
Reflection of Current Research Hotspots,7.5,0.0
Reflection of Current Research Hotspots,7.75,-0.5
Reflection of Current Research Hotspots,7.0,0.0
Reflection of Current Research Hotspots,7.5,1.0
Reflection of Current Research Hotspots,7.75,-0.5
Reflection of Current Research Hotspots,8.0,-1.0
Reflection of Current Research Hotspots,7.4,0.7999999999999998
Reflection of Current Research Hotspots,7.0,0.0
Reflection of Current Research Hotspots,7.75,-0.5
Reflection of Current Research Hotspots,7.25,-0.5
Reflection of Current Research Hotspots,7.0,1.0
Reflection of Current Research Hotspots,7.25,0.5
Reflection of Current Research Hotspots,7.25,-0.5
Reflection of Current Research Hotspots,7.75,0.5
Reflection of Current Research Hotspots,7.25,0.5
Reflection of Current Research Hotspots,7.25,0.5
Reflection of Current Research Hotspots,7.75,-0.5
Reflection of Current Research Hotspots,7.75,-0.5
Reflection of Current Research Hotspots,7.65,0.10000000000000053
Reflection of Current Research Hotspots,6.5,1.0
Reflection of Current Research Hotspots,7.0,0.0
Reflection of Current Research Hotspots,7.5,0.0
Reflection of Current Research Hotspots,7.25,-0.5
Reflection of Current Research Hotspots,7.75,-0.5
Reflection of Current Research Hotspots,7.75,-0.5
Reflection of Current Research Hotspots,7.25,0.5
Reflection of Current Research Hotspots,7.0,0.0
Reflection of Current Research Hotspots,7.6,0.39999999999999947
Reflection of Current Research Hotspots,7.75,0.5
Reflection of Current Research Hotspots,8.0,-1.0
Reflection of Current Research Hotspots,7.0,0.0
Reflection of Current Research Hotspots,7.25,0.5
Reflection of Current Research Hotspots,7.8999999999999995,-0.5999999999999996
Reflection of Current Research Hotspots,7.0,0.0
Reflection of Current Research Hotspots,7.0,0.0
Reflection of Current Research Hotspots,7.0,1.0
Reflection of Current Research Hotspots,6.75,0.5
Reflection of Current Research Hotspots,6.75,0.5
Reflection of Current Research Hotspots,8.0,-1.0
Reflection of Current Research Hotspots,7.75,0.5
Reflection of Current Research Hotspots,7.75,-0.5
Reflection of Current Research Hotspots,7.5,0.0
Reflection of Current Research Hotspots,7.0,1.0
Reflection of Current Research Hotspots,6.75,0.5
Reflection of Current Research Hotspots,7.25,0.5
Reflection of Current Research Hotspots,6.75,0.5
Reflection of Current Research Hotspots,6.75,0.5
Reflection of Current Research Hotspots,7.5,0.0
Reflection of Current Research Hotspots,7.5,-1.0
Reflection of Current Research Hotspots,7.5,0.0
Reflection of Current Research Hotspots,7.5,0.0
Reflection of Current Research Hotspots,6.75,0.5
Reflection of Current Research Hotspots,8.0,-1.0
Reflection of Current Research Hotspots,7.25,0.5
Reflection of Current Research Hotspots,8.25,-0.5
Reflection of Current Research Hotspots,7.75,0.5
Reflection of Current Research Hotspots,7.5,0.0
Reflection of Current Research Hotspots,7.25,0.5
Reflection of Current Research Hotspots,7.25,-0.5
Reflection of Current Research Hotspots,7.75,-0.5
Reflection of Current Research Hotspots,7.25,0.5
Reflection of Current Research Hotspots,6.5,1.0
Reflection of Current Research Hotspots,8.0,-1.0
Reflection of Current Research Hotspots,8.0,-1.0
Reflection of Current Research Hotspots,7.5,0.0
Reflection of Current Research Hotspots,7.25,-0.5
Reflection of Current Research Hotspots,8.25,-0.5
Reflection of Current Research Hotspots,7.75,-1.5
Reflection of Current Research Hotspots,6.75,0.5
Reflection of Current Research Hotspots,7.25,-0.5
Reflection of Current Research Hotspots,7.0,1.0
Reflection of Current Research Hotspots,7.0,0.0
Reflection of Current Research Hotspots,7.0,0.0
Reflection of Current Research Hotspots,7.25,0.5
Reflection of Current Research Hotspots,8.0,-1.0
Reflection of Current Research Hotspots,7.5,-1.0
Reflection of Current Research Hotspots,7.25,0.5
Reflection of Current Research Hotspots,6.75,0.5
Reflection of Current Research Hotspots,6.75,0.5
Reflection of Current Research Hotspots,7.75,-0.5
Reflection of Current Research Hotspots,7.75,0.5
Reflection of Current Research Hotspots,7.0,1.0
Reflection of Current Research Hotspots,7.25,0.5
Reflection of Current Research Hotspots,7.25,0.5
Reflection of Current Research Hotspots,7.25,-0.5
Reflection of Current Research Hotspots,7.75,-0.5
Reflection of Current Research Hotspots,7.0,0.0
Reflection of Current Research Hotspots,7.5,-1.0
Reflection of Current Research Hotspots,8.0,-1.0
Reflection of Current Research Hotspots,6.75,0.5
Reflection of Current Research Hotspots,7.75,-0.5
Reflection of Current Research Hotspots,7.25,0.5
Reflection of Current Research Hotspots,7.0,-1.0
Reflection of Current Research Hotspots,6.5,1.0
Reflection of Current Research Hotspots,7.0,0.0
Reflection of Current Research Hotspots,7.25,-0.5
Reflection of Current Research Hotspots,7.5,0.0
Reflection of Current Research Hotspots,7.75,-0.5
Reflection of Current Research Hotspots,7.75,0.5
Reflection of Current Research Hotspots,7.0,1.0
Reflection of Current Research Hotspots,7.5,1.0
Reflection of Current Research Hotspots,7.25,-0.5
Reflection of Current Research Hotspots,7.25,0.5
Reflection of Current Research Hotspots,7.25,0.5
Reflection of Current Research Hotspots,7.5,0.0
Reflection of Current Research Hotspots,7.5,0.0
Reflection of Current Research Hotspots,7.25,-0.09999999999999964
Reflection of Current Research Hotspots,7.25,0.5
Reflection of Current Research Hotspots,7.75,0.5
Reflection of Current Research Hotspots,7.25,0.5
Reflection of Current Research Hotspots,7.25,-0.5
Reflection of Current Research Hotspots,7.0,0.0
Reflection of Current Research Hotspots,7.0,1.0
Reflection of Current Research Hotspots,7.25,0.5
Reflection of Current Research Hotspots,7.25,-0.5
Reflection of Current Research Hotspots,7.25,-0.5
Reflection of Current Research Hotspots,6.5,1.0
Reflection of Current Research Hotspots,8.25,0.5
Reflection of Current Research Hotspots,6.5,1.0
Reflection of Current Research Hotspots,6.75,1.5
Reflection of Current Research Hotspots,6.5,1.0
Reflection of Current Research Hotspots,7.75,0.5
Reflection of Current Research Hotspots,7.25,0.5
Reflection of Current Research Hotspots,7.25,0.5
Reflection of Current Research Hotspots,8.0,-1.0
Reflection of Current Research Hotspots,7.0,0.0
Reflection of Current Research Hotspots,8.0,-1.0
Reflection of Current Research Hotspots,7.75,0.5
Reflection of Current Research Hotspots,7.25,0.5
Reflection of Current Research Hotspots,7.75,0.5
Reflection of Current Research Hotspots,7.0,1.0
Reflection of Current Research Hotspots,7.5,0.0
Reflection of Current Research Hotspots,7.25,0.5
Reflection of Current Research Hotspots,7.75,0.5
Reflection of Current Research Hotspots,7.5,-1.0
Reflection of Current Research Hotspots,7.25,0.5
Reflection of Current Research Hotspots,7.25,0.5
Reflection of Current Research Hotspots,7.0,0.0
Reflection of Current Research Hotspots,7.25,-1.5
Reflection of Current Research Hotspots,7.0,0.0
Reflection of Current Research Hotspots,7.0,0.0
Reflection of Current Research Hotspots,7.0,1.0
Reflection of Current Research Hotspots,7.25,0.5
Reflection of Current Research Hotspots,7.5,0.0
Reflection of Current Research Hotspots,7.25,0.5
Reflection of Current Research Hotspots,7.5,1.0
Reflection of Current Research Hotspots,,
Reflection of Current Research Hotspots,6.75,0.5
Reflection of Current Research Hotspots,7.25,0.5
Reflection of Current Research Hotspots,7.25,-0.5
Reflection of Current Research Hotspots,7.75,-0.5
Reflection of Current Research Hotspots,7.25,0.5
Reflection of Current Research Hotspots,7.25,0.5
Reflection of Current Research Hotspots,9.0,-1.0
Reflection of Current Research Hotspots,7.5,-1.0
Reflection of Current Research Hotspots,7.5,-1.0
Reflection of Current Research Hotspots,7.5,1.0
Reflection of Current Research Hotspots,7.0,0.0
Reflection of Current Research Hotspots,7.0,0.0
Reflection of Current Research Hotspots,7.0,0.0
Reflection of Current Research Hotspots,7.5,0.0
Reflection of Current Research Hotspots,7.5,0.0
Reflection of Current Research Hotspots,7.5,-1.0
Reflection of Current Research Hotspots,7.0,0.0
Reflection of Current Research Hotspots,7.75,-0.5
Reflection of Current Research Hotspots,7.0,0.0
Reflection of Current Research Hotspots,7.5,0.0
Reflection of Current Research Hotspots,7.75,-0.5
Reflection of Current Research Hotspots,7.0,0.0
Reflection of Current Research Hotspots,7.25,0.5
Reflection of Current Research Hotspots,6.75,0.5
Reflection of Current Research Hotspots,8.0,-1.0
Reflection of Current Research Hotspots,7.75,-0.5
Reflection of Current Research Hotspots,7.0,0.0
Reflection of Current Research Hotspots,7.75,-0.5
Reflection of Current Research Hotspots,7.25,-0.5
Reflection of Current Research Hotspots,7.75,0.5
Reflection of Current Research Hotspots,7.5,1.0
Reflection of Current Research Hotspots,7.5,-1.0
Reflection of Current Research Hotspots,7.5,0.0
Reflection of Current Research Hotspots,6.5,1.0
Reflection of Current Research Hotspots,7.0,0.0
Reflection of Current Research Hotspots,7.5,0.0
Reflection of Current Research Hotspots,7.5,0.0
Reflection of Current Research Hotspots,7.75,-0.5
Reflection of Current Research Hotspots,7.25,-0.5
Reflection of Current Research Hotspots,7.75,-0.5
Reflection of Current Research Hotspots,7.75,0.5
Reflection of Current Research Hotspots,8.25,-0.5
Reflection of Current Research Hotspots,7.5,1.0
Reflection of Current Research Hotspots,7.5,-1.0
Reflection of Current Research Hotspots,7.75,-0.5
Reflection of Current Research Hotspots,7.25,0.5
Reflection of Current Research Hotspots,7.25,0.5
Reflection of Current Research Hotspots,6.5,1.0
Reflection of Current Research Hotspots,7.0,0.0
Reflection of Current Research Hotspots,7.75,-0.5
Reflection of Current Research Hotspots,7.25,-0.5
Reflection of Current Research Hotspots,7.25,0.5
Reflection of Current Research Hotspots,7.25,0.5
Reflection of Current Research Hotspots,7.25,0.5
Reflection of Current Research Hotspots,7.5,0.0
Reflection of Current Research Hotspots,7.5,-1.0
Reflection of Current Research Hotspots,6.0,1.0
Reflection of Current Research Hotspots,8.0,1.0
Reflection of Current Research Hotspots,7.75,0.5
Reflection of Current Research Hotspots,7.75,0.5
Reflection of Current Research Hotspots,7.5,0.0
Reflection of Current Research Hotspots,7.25,0.5
Reflection of Current Research Hotspots,7.5,-1.0
Reflection of Current Research Hotspots,7.5,1.0
Reflection of Current Research Hotspots,7.5,-1.0
Reflection of Current Research Hotspots,7.75,-0.5
Reflection of Current Research Hotspots,7.25,-0.5
Reflection of Current Research Hotspots,7.5,-1.0
Reflection of Current Research Hotspots,7.75,0.5
Reflection of Current Research Hotspots,7.5,0.0
Reflection of Current Research Hotspots,8.25,-0.5
Reflection of Current Research Hotspots,7.5,0.0
Reflection of Current Research Hotspots,7.75,-0.5
Reflection of Current Research Hotspots,7.5,-1.0
Reflection of Current Research Hotspots,7.75,-0.5
Reflection of Current Research Hotspots,7.0,1.0
Reflection of Current Research Hotspots,7.75,0.5
Reflection of Current Research Hotspots,7.0,0.0
Reflection of Current Research Hotspots,7.25,-0.5
Reflection of Current Research Hotspots,7.5,0.0
Reflection of Current Research Hotspots,7.0,0.0
Reflection of Current Research Hotspots,7.0,0.0
Reflection of Current Research Hotspots,7.25,0.5
Reflection of Current Research Hotspots,6.75,0.5
Reflection of Current Research Hotspots,7.25,-0.5
Reflection of Current Research Hotspots,7.25,0.5
Reflection of Current Research Hotspots,7.5,0.0
Reflection of Current Research Hotspots,6.0,0.0
Reflection of Current Research Hotspots,7.5,0.0
Reflection of Current Research Hotspots,7.5,0.0
Reflection of Current Research Hotspots,7.5,0.0
Reflection of Current Research Hotspots,7.5,-1.0
Reflection of Current Research Hotspots,7.5,1.0
Reflection of Current Research Hotspots,7.0,0.0
Reflection of Current Research Hotspots,7.75,-0.5
Reflection of Current Research Hotspots,7.0,0.0
Reflection of Current Research Hotspots,7.25,0.5
Reflection of Current Research Hotspots,7.5,0.0
Reflection of Current Research Hotspots,7.25,0.5
Reflection of Current Research Hotspots,8.0,-1.0
Reflection of Current Research Hotspots,7.75,0.5
Reflection of Current Research Hotspots,7.25,0.5
Reflection of Current Research Hotspots,7.25,0.5
Reflection of Current Research Hotspots,7.75,-0.5
Reflection of Current Research Hotspots,7.25,0.5
Reflection of Current Research Hotspots,7.25,0.5
Reflection of Current Research Hotspots,7.25,0.5
Reflection of Current Research Hotspots,7.0,0.0
Reflection of Current Research Hotspots,7.75,0.5
Reflection of Current Research Hotspots,7.0,0.0
Reflection of Current Research Hotspots,7.75,0.5
Reflection of Current Research Hotspots,6.75,0.5
Reflection of Current Research Hotspots,7.75,-0.5
Reflection of Current Research Hotspots,7.0,0.0
Reflection of Current Research Hotspots,8.5,-1.0
Reflection of Current Research Hotspots,7.0,0.0
Reflection of Current Research Hotspots,7.25,0.5
Reflection of Current Research Hotspots,7.5,1.0
Reflection of Current Research Hotspots,6.5,0.0
Reflection of Current Research Hotspots,7.75,0.5
Reflection of Current Research Hotspots,7.25,0.5
Reflection of Current Research Hotspots,7.5,0.0
Reflection of Current Research Hotspots,6.75,0.5
Reflection of Current Research Hotspots,7.25,-0.5
Reflection of Current Research Hotspots,6.5,1.0
Reflection of Current Research Hotspots,7.75,-0.5
Reflection of Current Research Hotspots,7.25,0.5
Reflection of Current Research Hotspots,7.75,0.5
Reflection of Current Research Hotspots,7.5,0.0
Reflection of Current Research Hotspots,7.0,1.0
Reflection of Current Research Hotspots,7.0,-1.0
Reflection of Current Research Hotspots,7.25,-0.5
Reflection of Current Research Hotspots,7.0,0.0
Reflection of Current Research Hotspots,6.5,1.0
Reflection of Current Research Hotspots,7.25,0.5
Reflection of Current Research Hotspots,7.25,0.5
Reflection of Current Research Hotspots,7.25,0.5
Reflection of Current Research Hotspots,6.75,0.5
Reflection of Current Research Hotspots,7.75,-0.5
Reflection of Current Research Hotspots,8.0,-1.0
Reflection of Current Research Hotspots,7.25,0.5
Reflection of Current Research Hotspots,6.75,0.5
Reflection of Current Research Hotspots,6.5,1.0
Reflection of Current Research Hotspots,7.5,0.0
Reflection of Current Research Hotspots,8.0,-1.0
Reflection of Current Research Hotspots,6.75,0.5
Reflection of Current Research Hotspots,7.25,-0.5
Reflection of Current Research Hotspots,7.25,0.5
Reflection of Current Research Hotspots,7.75,-1.5
Reflection of Current Research Hotspots,6.5,1.0
Reflection of Current Research Hotspots,7.75,-0.5
Reflection of Current Research Hotspots,7.25,0.5
Reflection of Current Research Hotspots,7.5,0.0
Reflection of Current Research Hotspots,7.5,0.0
Reflection of Current Research Hotspots,7.75,0.5
Reflection of Current Research Hotspots,7.5,1.0
Reflection of Current Research Hotspots,7.0,1.0
Reflection of Current Research Hotspots,8.25,0.5
Reflection of Current Research Hotspots,7.0,0.0
Reflection of Current Research Hotspots,8.0,-1.0
Reflection of Current Research Hotspots,7.25,0.5
Reflection of Current Research Hotspots,8.0,-1.0
Reflection of Current Research Hotspots,7.5,-1.0
Reflection of Current Research Hotspots,7.25,-0.5
Reflection of Current Research Hotspots,7.0,1.0
Reflection of Current Research Hotspots,7.0,-1.0
Reflection of Current Research Hotspots,7.75,-0.5
Reflection of Current Research Hotspots,6.5,-1.0
Reflection of Current Research Hotspots,7.5,0.0
Reflection of Current Research Hotspots,7.25,0.5
Reflection of Current Research Hotspots,7.25,0.5
Reflection of Current Research Hotspots,7.75,-0.5
Reflection of Current Research Hotspots,7.75,-0.5
Reflection of Current Research Hotspots,7.5,1.0
Reflection of Current Research Hotspots,7.25,0.5
Reflection of Current Research Hotspots,7.75,0.5
Reflection of Current Research Hotspots,7.0,1.0
Reflection of Current Research Hotspots,7.75,-0.5
Reflection of Current Research Hotspots,7.0,0.0
Reflection of Current Research Hotspots,7.0,0.0
Reflection of Current Research Hotspots,8.0,-1.0
Reflection of Current Research Hotspots,7.25,0.5
Reflection of Current Research Hotspots,7.25,0.5
Reflection of Current Research Hotspots,7.25,0.5
Reflection of Current Research Hotspots,7.75,0.5
Reflection of Current Research Hotspots,7.0,0.0
Reflection of Current Research Hotspots,7.75,-0.5
Reflection of Current Research Hotspots,7.0,0.0
Reflection of Current Research Hotspots,6.75,0.5
Reflection of Current Research Hotspots,8.0,-1.0
Reflection of Current Research Hotspots,7.25,0.5
Reflection of Current Research Hotspots,7.5,0.0
Reflection of Current Research Hotspots,6.75,0.5
Reflection of Current Research Hotspots,7.25,-0.5
Reflection of Current Research Hotspots,7.75,-0.5
Reflection of Current Research Hotspots,6.5,1.0
Reflection of Current Research Hotspots,6.5,1.0
Reflection of Current Research Hotspots,7.75,-0.5
Reflection of Current Research Hotspots,6.5,1.0
Reflection of Current Research Hotspots,7.75,0.5
Reflection of Current Research Hotspots,7.5,0.0
Reflection of Current Research Hotspots,7.0,0.0
Reflection of Current Research Hotspots,7.85,0.10000000000000053
Reflection of Current Research Hotspots,7.25,0.5
Reflection of Current Research Hotspots,7.5,0.0
Reflection of Current Research Hotspots,7.699999999999999,-0.20000000000000018
Reflection of Current Research Hotspots,6.75,0.5
Reflection of Current Research Hotspots,7.75,-0.5
Reflection of Current Research Hotspots,7.5,-1.0
Reflection of Current Research Hotspots,7.0,0.0
Reflection of Current Research Hotspots,6.75,0.5
Reflection of Current Research Hotspots,6.75,0.5
Reflection of Current Research Hotspots,7.0,0.0
Reflection of Current Research Hotspots,8.0,-1.0
Reflection of Current Research Hotspots,7.5,0.0
Reflection of Current Research Hotspots,7.75,-0.5
Reflection of Current Research Hotspots,7.25,-0.5
Reflection of Current Research Hotspots,7.25,-0.5
Reflection of Current Research Hotspots,7.5,-1.0
Reflection of Current Research Hotspots,7.25,0.5
Reflection of Current Research Hotspots,7.5,1.0
Reflection of Current Research Hotspots,7.75,-0.5
Reflection of Current Research Hotspots,7.5,0.0
Reflection of Current Research Hotspots,7.75,-0.5
Reflection of Current Research Hotspots,7.0,0.0
Reflection of Current Research Hotspots,7.0,0.0
Reflection of Current Research Hotspots,6.5,1.0
Reflection of Current Research Hotspots,7.5,0.0
Reflection of Current Research Hotspots,6.25,0.5
Reflection of Current Research Hotspots,7.0,0.0
Reflection of Current Research Hotspots,6.5,1.0
Reflection of Current Research Hotspots,7.0,0.0
Reflection of Current Research Hotspots,7.0,0.0
Reflection of Current Research Hotspots,7.75,-0.5
Reflection of Current Research Hotspots,7.5,0.0
Reflection of Current Research Hotspots,6.5,1.0
Reflection of Current Research Hotspots,8.0,-1.0
Reflection of Current Research Hotspots,7.5,0.0
Reflection of Current Research Hotspots,6.5,-1.0
Reflection of Current Research Hotspots,7.25,0.5
Reflection of Current Research Hotspots,7.25,-0.5
Reflection of Current Research Hotspots,7.5,0.0
Reflection of Current Research Hotspots,7.5,0.0
Reflection of Current Research Hotspots,7.0,1.0
Reflection of Current Research Hotspots,7.0,0.0
Reflection of Current Research Hotspots,7.75,-0.5
Reflection of Current Research Hotspots,7.25,0.5
Reflection of Current Research Hotspots,7.25,-0.5
Reflection of Current Research Hotspots,7.5,0.0
Reflection of Current Research Hotspots,7.75,-0.5
Reflection of Current Research Hotspots,7.75,0.5
Reflection of Current Research Hotspots,6.75,0.5
Reflection of Current Research Hotspots,7.0,0.0
Reflection of Current Research Hotspots,7.5,0.0
Reflection of Current Research Hotspots,7.0,0.0
Reflection of Current Research Hotspots,7.25,0.5
Reflection of Current Research Hotspots,7.0,0.0
Reflection of Current Research Hotspots,8.0,-1.0
Reflection of Current Research Hotspots,7.5,0.0
Reflection of Current Research Hotspots,7.0,0.0
Reflection of Current Research Hotspots,6.75,0.5
Reflection of Current Research Hotspots,8.0,0.0
Reflection of Current Research Hotspots,7.25,0.5
Reflection of Current Research Hotspots,8.5,-1.0
Reflection of Current Research Hotspots,7.5,0.0
Reflection of Current Research Hotspots,7.25,0.5
Reflection of Current Research Hotspots,7.75,0.5
Reflection of Current Research Hotspots,7.5,-1.0
Reflection of Current Research Hotspots,7.0,1.0
Reflection of Current Research Hotspots,7.5,-1.0
Reflection of Current Research Hotspots,7.25,-0.5
Reflection of Current Research Hotspots,8.25,-0.5
Reflection of Current Research Hotspots,8.0,-1.0
Reflection of Current Research Hotspots,7.25,-0.5
Reflection of Current Research Hotspots,6.5,1.0
Reflection of Current Research Hotspots,7.75,0.5
Reflection of Current Research Hotspots,7.5,0.0
Reflection of Current Research Hotspots,7.25,-0.5
Reflection of Current Research Hotspots,7.0,0.0
Reflection of Current Research Hotspots,7.75,-0.5
Reflection of Current Research Hotspots,7.5,0.0
Reflection of Current Research Hotspots,7.75,-0.5
Reflection of Current Research Hotspots,7.25,-0.5
Reflection of Current Research Hotspots,7.75,-0.5
Reflection of Current Research Hotspots,7.5,0.0
Reflection of Current Research Hotspots,7.0,0.0
Reflection of Current Research Hotspots,7.25,0.5
Reflection of Current Research Hotspots,7.5,0.0
Reflection of Current Research Hotspots,7.75,-0.5
Reflection of Current Research Hotspots,7.25,0.5
Reflection of Current Research Hotspots,7.25,0.5
Reflection of Current Research Hotspots,6.75,0.5
Reflection of Current Research Hotspots,6.75,0.5
Reflection of Current Research Hotspots,7.75,-0.5
Reflection of Current Research Hotspots,7.25,-0.5
Reflection of Current Research Hotspots,6.5,1.0
Reflection of Current Research Hotspots,6.75,0.5
Reflection of Current Research Hotspots,8.0,-1.0
Reflection of Current Research Hotspots,8.0,-1.0
Reflection of Current Research Hotspots,7.75,-0.5
Reflection of Current Research Hotspots,7.25,0.5
Reflection of Current Research Hotspots,6.75,-0.5
Reflection of Current Research Hotspots,7.25,0.5
Reflection of Current Research Hotspots,7.1,0.6000000000000005
Reflection of Current Research Hotspots,7.5,-1.0
Reflection of Current Research Hotspots,7.5,-1.0
Reflection of Current Research Hotspots,7.25,-0.5
Reflection of Current Research Hotspots,6.75,0.5
Reflection of Current Research Hotspots,7.25,-0.5
Reflection of Current Research Hotspots,6.75,0.5
Reflection of Current Research Hotspots,6.5,1.0
Fluency of Language Expression,4.25,0.5
Fluency of Language Expression,5.0,0.0
Fluency of Language Expression,5.0,0.0
Fluency of Language Expression,4.8,0.0
Fluency of Language Expression,4.25,0.5
Fluency of Language Expression,4.699999999999999,0.20000000000000018
Fluency of Language Expression,4.25,0.5
Fluency of Language Expression,4.25,0.5
Fluency of Language Expression,4.75,0.5
Fluency of Language Expression,4.25,0.5
Fluency of Language Expression,4.75,-0.5
Fluency of Language Expression,4.5,1.0
Fluency of Language Expression,4.75,0.5
Fluency of Language Expression,4.25,0.5
Fluency of Language Expression,8.5,-1.0
Fluency of Language Expression,4.75,-0.5
Fluency of Language Expression,4.25,0.5
Fluency of Language Expression,4.75,-0.5
Fluency of Language Expression,5.0,0.0
Fluency of Language Expression,4.75,-0.5
Fluency of Language Expression,4.75,-0.5
Fluency of Language Expression,4.25,0.5
Fluency of Language Expression,4.75,-0.5
Fluency of Language Expression,4.5,0.0
Fluency of Language Expression,4.25,0.5
Fluency of Language Expression,4.75,0.5
Fluency of Language Expression,4.75,0.5
Fluency of Language Expression,4.25,0.5
Fluency of Language Expression,4.75,-0.5
Fluency of Language Expression,5.0,0.0
Fluency of Language Expression,4.25,0.5
Fluency of Language Expression,6.5,0.0
Fluency of Language Expression,4.75,-0.5
Fluency of Language Expression,4.75,0.5
Fluency of Language Expression,4.5,1.0
Fluency of Language Expression,4.25,0.5
Fluency of Language Expression,4.75,-0.5
Fluency of Language Expression,4.75,-0.5
Fluency of Language Expression,4.75,-0.5
Fluency of Language Expression,4.25,0.5
Fluency of Language Expression,8.25,-0.5
Fluency of Language Expression,4.75,-0.5
Fluency of Language Expression,4.75,-0.5
Fluency of Language Expression,4.25,0.5
Fluency of Language Expression,4.75,-0.5
Fluency of Language Expression,4.25,0.5
Fluency of Language Expression,4.5,1.0
Fluency of Language Expression,4.5,0.0
Fluency of Language Expression,4.25,0.5
Fluency of Language Expression,5.0,0.0
Fluency of Language Expression,4.25,0.5
Fluency of Language Expression,4.5,0.0
Fluency of Language Expression,4.5,1.0
Fluency of Language Expression,4.5,0.0
Fluency of Language Expression,4.5,0.0
Fluency of Language Expression,5.0,-1.0
Fluency of Language Expression,4.75,-0.5
Fluency of Language Expression,4.25,0.5
Fluency of Language Expression,4.75,-0.5
Fluency of Language Expression,4.75,-0.5
Fluency of Language Expression,4.25,0.5
Fluency of Language Expression,4.25,0.5
Fluency of Language Expression,4.25,0.5
Fluency of Language Expression,5.0,-1.0
Fluency of Language Expression,4.75,-0.5
Fluency of Language Expression,4.75,0.5
Fluency of Language Expression,4.75,0.5
Fluency of Language Expression,4.25,0.5
Fluency of Language Expression,4.25,0.5
Fluency of Language Expression,4.25,0.5
Fluency of Language Expression,4.75,0.5
Fluency of Language Expression,4.75,0.5
Fluency of Language Expression,4.25,0.5
Fluency of Language Expression,4.75,-0.5
Fluency of Language Expression,4.5,0.0
Fluency of Language Expression,4.75,-0.5
Fluency of Language Expression,4.5,0.0
Fluency of Language Expression,4.25,0.5
Fluency of Language Expression,4.25,0.5
Fluency of Language Expression,4.25,0.5
Fluency of Language Expression,4.5,1.0
Fluency of Language Expression,8.25,-0.5
Fluency of Language Expression,4.75,-0.5
Fluency of Language Expression,4.5,0.0
Fluency of Language Expression,4.75,-0.5
Fluency of Language Expression,5.0,0.0
Fluency of Language Expression,4.25,0.5
Fluency of Language Expression,4.25,0.5
Fluency of Language Expression,5.0,0.0
Fluency of Language Expression,4.5,0.0
Fluency of Language Expression,4.25,0.5
Fluency of Language Expression,4.25,0.5
Fluency of Language Expression,4.5,0.0
Fluency of Language Expression,4.75,-0.5
Fluency of Language Expression,4.75,-0.5
Fluency of Language Expression,4.75,0.5
Fluency of Language Expression,4.75,-0.5
Fluency of Language Expression,5.25,-0.5
Fluency of Language Expression,4.7,0.40000000000000036
Fluency of Language Expression,4.5,0.0
Fluency of Language Expression,4.75,-0.5
Fluency of Language Expression,4.75,0.5
Fluency of Language Expression,4.25,0.5
Fluency of Language Expression,4.25,0.5
Fluency of Language Expression,4.75,-0.5
Fluency of Language Expression,4.25,0.5
Fluency of Language Expression,4.25,0.5
Fluency of Language Expression,4.25,0.5
Fluency of Language Expression,4.75,-0.5
Fluency of Language Expression,4.75,-0.5
Fluency of Language Expression,4.75,-0.09999999999999964
Fluency of Language Expression,4.25,0.5
Fluency of Language Expression,5.0,0.0
Fluency of Language Expression,4.5,0.0
Fluency of Language Expression,4.75,-0.5
Fluency of Language Expression,4.75,-0.5
Fluency of Language Expression,5.25,-0.5
Fluency of Language Expression,4.25,0.5
Fluency of Language Expression,4.75,-0.5
Fluency of Language Expression,4.5,0.1999999999999993
Fluency of Language Expression,4.25,0.5
Fluency of Language Expression,4.75,-0.5
Fluency of Language Expression,5.0,0.0
Fluency of Language Expression,4.25,0.5
Fluency of Language Expression,5.0,-0.40000000000000036
Fluency of Language Expression,4.75,0.5
Fluency of Language Expression,5.0,0.0
Fluency of Language Expression,4.25,0.5
Fluency of Language Expression,4.25,0.5
Fluency of Language Expression,4.25,0.5
Fluency of Language Expression,8.0,-1.0
Fluency of Language Expression,4.25,0.5
Fluency of Language Expression,4.75,-0.5
Fluency of Language Expression,7.25,1.5
Fluency of Language Expression,4.5,1.0
Fluency of Language Expression,4.25,0.5
Fluency of Language Expression,4.75,0.5
Fluency of Language Expression,4.25,0.5
Fluency of Language Expression,4.25,0.5
Fluency of Language Expression,4.75,-0.5
Fluency of Language Expression,6.0,-1.0
Fluency of Language Expression,4.75,-0.5
Fluency of Language Expression,4.5,0.0
Fluency of Language Expression,4.25,0.5
Fluency of Language Expression,7.0,-1.0
Fluency of Language Expression,4.25,0.5
Fluency of Language Expression,8.75,-0.5
Fluency of Language Expression,4.25,0.5
Fluency of Language Expression,4.9,-0.20000000000000018
Fluency of Language Expression,4.25,0.5
Fluency of Language Expression,4.75,-0.5
Fluency of Language Expression,4.75,-0.5
Fluency of Language Expression,4.25,0.5
Fluency of Language Expression,4.5,1.0
Fluency of Language Expression,5.25,-0.5
Fluency of Language Expression,4.75,-0.5
Fluency of Language Expression,4.75,-0.5
Fluency of Language Expression,4.75,-0.5
Fluency of Language Expression,4.75,-0.5
Fluency of Language Expression,5.5,-1.0
Fluency of Language Expression,4.75,0.5
Fluency of Language Expression,5.25,-0.5
Fluency of Language Expression,5.5,0.0
Fluency of Language Expression,4.75,-0.5
Fluency of Language Expression,4.75,-0.5
Fluency of Language Expression,4.25,0.5
Fluency of Language Expression,5.75,-0.5
Fluency of Language Expression,5.5,-1.0
Fluency of Language Expression,4.25,0.5
Fluency of Language Expression,4.5,0.0
Fluency of Language Expression,4.25,0.5
Fluency of Language Expression,4.75,-0.5
Fluency of Language Expression,4.25,0.5
Fluency of Language Expression,4.75,0.5
Fluency of Language Expression,4.25,0.5
Fluency of Language Expression,4.25,0.5
Fluency of Language Expression,4.75,-0.5
Fluency of Language Expression,5.25,-0.5
Fluency of Language Expression,4.5,0.0
Fluency of Language Expression,4.75,-0.5
Fluency of Language Expression,4.75,0.5
Fluency of Language Expression,4.25,0.5
Fluency of Language Expression,4.75,-0.5
Fluency of Language Expression,4.75,-0.5
Fluency of Language Expression,5.0,-1.0
Fluency of Language Expression,4.0,1.0
Fluency of Language Expression,4.0,1.0
Fluency of Language Expression,4.75,-0.5
Fluency of Language Expression,4.75,-0.5
Fluency of Language Expression,4.75,-0.5
Fluency of Language Expression,4.25,0.5
Fluency of Language Expression,4.25,0.5
Fluency of Language Expression,4.25,0.5
Fluency of Language Expression,4.75,-0.5
Fluency of Language Expression,4.25,0.5
Fluency of Language Expression,4.25,0.5
Fluency of Language Expression,4.5,0.0
Fluency of Language Expression,4.75,-0.5
Fluency of Language Expression,4.55,-0.09999999999999964
Fluency of Language Expression,4.25,0.5
Fluency of Language Expression,4.25,0.5
Fluency of Language Expression,4.25,0.5
Fluency of Language Expression,4.75,-0.5
Fluency of Language Expression,5.0,0.0
Fluency of Language Expression,4.5,1.0
Fluency of Language Expression,4.25,0.5
Fluency of Language Expression,4.75,-0.5
Fluency of Language Expression,4.75,-0.5
Fluency of Language Expression,4.5,1.0
Fluency of Language Expression,4.25,0.5
Fluency of Language Expression,4.25,0.5
Fluency of Language Expression,4.25,0.5
Fluency of Language Expression,4.5,1.0
Fluency of Language Expression,4.25,0.5
Fluency of Language Expression,4.25,0.5
Fluency of Language Expression,4.25,0.5
Fluency of Language Expression,8.25,-0.5
Fluency of Language Expression,4.5,0.0
Fluency of Language Expression,8.25,-0.5
Fluency of Language Expression,4.75,0.5
Fluency of Language Expression,4.75,0.5
Fluency of Language Expression,4.25,0.5
Fluency of Language Expression,4.75,-0.5
Fluency of Language Expression,4.5,0.0
Fluency of Language Expression,4.25,0.5
Fluency of Language Expression,4.75,0.5
Fluency of Language Expression,4.75,-0.5
Fluency of Language Expression,4.25,0.5
Fluency of Language Expression,4.25,0.5
Fluency of Language Expression,4.5,0.0
Fluency of Language Expression,6.0,-1.0
Fluency of Language Expression,5.0,0.0
Fluency of Language Expression,4.5,0.0
Fluency of Language Expression,4.25,0.5
Fluency of Language Expression,4.25,0.5
Fluency of Language Expression,4.75,-0.5
Fluency of Language Expression,4.25,0.5
Fluency of Language Expression,4.25,0.5
Fluency of Language Expression,,
Fluency of Language Expression,4.25,0.5
Fluency of Language Expression,4.25,0.5
Fluency of Language Expression,4.75,-0.5
Fluency of Language Expression,5.0,-1.0
Fluency of Language Expression,4.75,0.5
Fluency of Language Expression,4.25,0.5
Fluency of Language Expression,5.0,-1.0
Fluency of Language Expression,4.25,0.5
Fluency of Language Expression,4.75,-0.5
Fluency of Language Expression,5.0,1.0
Fluency of Language Expression,5.0,0.0
Fluency of Language Expression,5.0,0.0
Fluency of Language Expression,4.5,0.0
Fluency of Language Expression,4.5,0.0
Fluency of Language Expression,4.75,-0.5
Fluency of Language Expression,7.75,-0.5
Fluency of Language Expression,4.5,0.0
Fluency of Language Expression,4.75,-0.5
Fluency of Language Expression,5.0,0.0
Fluency of Language Expression,4.25,0.5
Fluency of Language Expression,4.25,0.5
Fluency of Language Expression,5.0,0.0
Fluency of Language Expression,4.25,0.5
Fluency of Language Expression,4.25,0.5
Fluency of Language Expression,8.25,-0.5
Fluency of Language Expression,5.25,-0.5
Fluency of Language Expression,4.75,-0.5
Fluency of Language Expression,7.0,-1.0
Fluency of Language Expression,4.75,-0.5
Fluency of Language Expression,4.25,0.5
Fluency of Language Expression,4.25,0.5
Fluency of Language Expression,4.75,-0.5
Fluency of Language Expression,4.5,0.0
Fluency of Language Expression,4.5,1.0
Fluency of Language Expression,5.0,0.0
Fluency of Language Expression,4.5,0.0
Fluency of Language Expression,4.75,-0.5
Fluency of Language Expression,4.75,-0.5
Fluency of Language Expression,5.25,-0.5
Fluency of Language Expression,5.25,-0.5
Fluency of Language Expression,4.25,0.5
Fluency of Language Expression,8.25,-0.5
Fluency of Language Expression,4.5,1.0
Fluency of Language Expression,5.25,-0.5
Fluency of Language Expression,4.75,-0.5
Fluency of Language Expression,4.25,0.5
Fluency of Language Expression,4.25,0.5
Fluency of Language Expression,4.5,1.0
Fluency of Language Expression,5.0,0.0
Fluency of Language Expression,4.75,-0.5
Fluency of Language Expression,4.75,-0.5
Fluency of Language Expression,4.75,0.5
Fluency of Language Expression,4.25,0.5
Fluency of Language Expression,4.25,0.5
Fluency of Language Expression,4.5,0.0
Fluency of Language Expression,4.75,-0.5
Fluency of Language Expression,4.75,0.5
Fluency of Language Expression,8.0,1.0
Fluency of Language Expression,4.5,0.0
Fluency of Language Expression,4.65,0.2999999999999998
Fluency of Language Expression,4.25,0.5
Fluency of Language Expression,4.25,0.5
Fluency of Language Expression,7.0,-1.0
Fluency of Language Expression,4.25,0.5
Fluency of Language Expression,5.0,-1.0
Fluency of Language Expression,4.75,-0.5
Fluency of Language Expression,4.25,0.5
Fluency of Language Expression,4.75,-0.5
Fluency of Language Expression,4.25,0.5
Fluency of Language Expression,4.5,0.0
Fluency of Language Expression,7.75,-0.5
Fluency of Language Expression,4.5,0.0
Fluency of Language Expression,4.75,-0.5
Fluency of Language Expression,4.75,0.5
Fluency of Language Expression,4.75,-0.5
Fluency of Language Expression,4.25,0.5
Fluency of Language Expression,4.25,0.5
Fluency of Language Expression,5.0,0.0
Fluency of Language Expression,4.5,0.0
Fluency of Language Expression,4.25,0.5
Fluency of Language Expression,5.0,0.0
Fluency of Language Expression,5.0,0.0
Fluency of Language Expression,5.25,0.5
Fluency of Language Expression,4.25,0.5
Fluency of Language Expression,4.75,-0.5
Fluency of Language Expression,4.25,0.5
Fluency of Language Expression,4.25,0.5
Fluency of Language Expression,4.5,0.0
Fluency of Language Expression,4.75,-0.5
Fluency of Language Expression,4.5,0.0
Fluency of Language Expression,4.5,0.0
Fluency of Language Expression,8.25,-0.5
Fluency of Language Expression,4.25,0.5
Fluency of Language Expression,4.25,0.5
Fluency of Language Expression,4.75,-0.5
Fluency of Language Expression,5.0,0.0
Fluency of Language Expression,5.25,-0.5
Fluency of Language Expression,4.5,0.0
Fluency of Language Expression,4.75,0.5
Fluency of Language Expression,4.75,-0.5
Fluency of Language Expression,4.75,0.5
Fluency of Language Expression,4.25,0.5
Fluency of Language Expression,4.75,0.5
Fluency of Language Expression,4.75,-0.5
Fluency of Language Expression,4.25,0.5
Fluency of Language Expression,4.75,0.5
Fluency of Language Expression,4.25,0.5
Fluency of Language Expression,4.75,-0.5
Fluency of Language Expression,4.75,0.5
Fluency of Language Expression,4.5,0.0
Fluency of Language Expression,4.75,0.5
Fluency of Language Expression,4.25,0.5
Fluency of Language Expression,4.75,-0.5
Fluency of Language Expression,5.0,0.0
Fluency of Language Expression,5.25,-0.5
Fluency of Language Expression,4.5,1.0
Fluency of Language Expression,4.25,0.5
Fluency of Language Expression,4.5,0.0
Fluency of Language Expression,4.5,0.0
Fluency of Language Expression,4.25,0.5
Fluency of Language Expression,4.25,0.5
Fluency of Language Expression,4.5,0.0
Fluency of Language Expression,4.25,0.5
Fluency of Language Expression,4.75,-0.5
Fluency of Language Expression,4.25,0.5
Fluency of Language Expression,4.75,-0.5
Fluency of Language Expression,4.25,0.5
Fluency of Language Expression,4.25,0.5
Fluency of Language Expression,4.75,-0.5
Fluency of Language Expression,4.25,0.5
Fluency of Language Expression,5.25,-0.5
Fluency of Language Expression,4.75,-0.5
Fluency of Language Expression,4.75,-0.5
Fluency of Language Expression,4.5,1.0
Fluency of Language Expression,4.25,0.5
Fluency of Language Expression,4.25,0.5
Fluency of Language Expression,4.25,0.5
Fluency of Language Expression,4.5,1.0
Fluency of Language Expression,5.25,-0.5
Fluency of Language Expression,4.75,-0.5
Fluency of Language Expression,4.75,0.5
Fluency of Language Expression,4.75,0.5
Fluency of Language Expression,4.5,1.0
Fluency of Language Expression,4.75,-0.5
Fluency of Language Expression,4.75,0.5
Fluency of Language Expression,4.75,0.5
Fluency of Language Expression,5.25,-0.5
Fluency of Language Expression,4.5,0.0
Fluency of Language Expression,4.75,-0.5
Fluency of Language Expression,4.5,1.0
Fluency of Language Expression,4.75,-0.5
Fluency of Language Expression,4.25,0.5
Fluency of Language Expression,4.5,0.0
Fluency of Language Expression,4.5,0.0
Fluency of Language Expression,4.25,0.5
Fluency of Language Expression,4.25,0.5
Fluency of Language Expression,4.75,0.5
Fluency of Language Expression,4.25,0.5
Fluency of Language Expression,5.0,0.0
Fluency of Language Expression,4.75,-0.5
Fluency of Language Expression,4.25,0.5
Fluency of Language Expression,5.0,-1.0
Fluency of Language Expression,4.25,0.5
Fluency of Language Expression,8.25,-0.5
Fluency of Language Expression,4.25,0.5
Fluency of Language Expression,4.75,-0.5
Fluency of Language Expression,4.75,-0.5
Fluency of Language Expression,4.75,-0.5
Fluency of Language Expression,4.75,-0.5
Fluency of Language Expression,4.25,0.5
Fluency of Language Expression,4.25,0.5
Fluency of Language Expression,4.75,-0.5
Fluency of Language Expression,4.25,0.5
Fluency of Language Expression,4.25,0.5
Fluency of Language Expression,4.75,0.5
Fluency of Language Expression,5.25,0.5
Fluency of Language Expression,4.25,0.5
Fluency of Language Expression,5.25,-0.5
Fluency of Language Expression,5.0,0.0
Fluency of Language Expression,4.5,0.0
Fluency of Language Expression,4.75,-0.5
Fluency of Language Expression,4.25,0.5
Fluency of Language Expression,4.25,0.5
Fluency of Language Expression,4.25,0.5
Fluency of Language Expression,4.75,0.5
Fluency of Language Expression,4.75,-0.5
Fluency of Language Expression,6.75,-0.5
Fluency of Language Expression,4.75,-0.5
Fluency of Language Expression,4.75,0.5
Fluency of Language Expression,4.75,-0.5
Fluency of Language Expression,4.25,0.5
Fluency of Language Expression,4.25,0.5
Fluency of Language Expression,4.25,0.5
Fluency of Language Expression,4.75,-0.5
Fluency of Language Expression,4.75,-0.5
Fluency of Language Expression,4.5,1.0
Fluency of Language Expression,4.5,1.0
Fluency of Language Expression,4.75,-0.5
Fluency of Language Expression,4.5,1.0
Fluency of Language Expression,4.25,0.5
Fluency of Language Expression,4.5,0.0
Fluency of Language Expression,4.5,0.0
Fluency of Language Expression,4.75,0.09999999999999964
Fluency of Language Expression,4.25,0.5
Fluency of Language Expression,4.5,0.0
Fluency of Language Expression,4.8,-0.40000000000000036
Fluency of Language Expression,5.25,0.5
Fluency of Language Expression,4.75,-0.5
Fluency of Language Expression,4.75,0.5
Fluency of Language Expression,4.5,0.0
Fluency of Language Expression,4.75,0.5
Fluency of Language Expression,4.25,0.5
Fluency of Language Expression,4.75,-0.5
Fluency of Language Expression,4.75,-0.5
Fluency of Language Expression,4.5,0.0
Fluency of Language Expression,4.75,-0.5
Fluency of Language Expression,5.25,-0.5
Fluency of Language Expression,4.75,-0.5
Fluency of Language Expression,4.75,-0.5
Fluency of Language Expression,4.25,0.5
Fluency of Language Expression,4.25,0.5
Fluency of Language Expression,4.75,-0.5
Fluency of Language Expression,4.75,-0.5
Fluency of Language Expression,4.75,-0.5
Fluency of Language Expression,5.0,0.0
Fluency of Language Expression,4.5,0.0
Fluency of Language Expression,4.5,1.0
Fluency of Language Expression,4.5,0.0
Fluency of Language Expression,4.5,0.0
Fluency of Language Expression,5.0,0.0
Fluency of Language Expression,4.5,1.0
Fluency of Language Expression,4.25,0.5
Fluency of Language Expression,4.75,-0.5
Fluency of Language Expression,4.25,0.5
Fluency of Language Expression,4.75,0.5
Fluency of Language Expression,4.25,0.5
Fluency of Language Expression,5.0,-1.0
Fluency of Language Expression,4.5,0.0
Fluency of Language Expression,4.5,-1.0
Fluency of Language Expression,4.5,0.0
Fluency of Language Expression,6.0,-1.0
Fluency of Language Expression,5.0,0.0
Fluency of Language Expression,4.5,0.0
Fluency of Language Expression,4.75,0.5
Fluency of Language Expression,4.75,-0.5
Fluency of Language Expression,4.75,-0.5
Fluency of Language Expression,4.25,0.5
Fluency of Language Expression,4.75,-0.5
Fluency of Language Expression,5.25,-0.5
Fluency of Language Expression,4.75,-0.5
Fluency of Language Expression,4.75,0.5
Fluency of Language Expression,4.25,0.5
Fluency of Language Expression,5.0,0.0
Fluency of Language Expression,7.5,0.0
Fluency of Language Expression,4.75,-0.5
Fluency of Language Expression,4.25,0.5
Fluency of Language Expression,4.75,-0.5
Fluency of Language Expression,5.0,-1.0
Fluency of Language Expression,4.75,-0.5
Fluency of Language Expression,5.0,0.0
Fluency of Language Expression,4.25,0.5
Fluency of Language Expression,4.75,0.5
Fluency of Language Expression,4.5,0.0
Fluency of Language Expression,5.5,-1.0
Fluency of Language Expression,4.75,-0.5
Fluency of Language Expression,4.25,0.5
Fluency of Language Expression,4.75,0.5
Fluency of Language Expression,8.0,-1.0
Fluency of Language Expression,4.25,0.5
Fluency of Language Expression,4.75,-0.5
Fluency of Language Expression,4.75,-0.5
Fluency of Language Expression,4.75,-0.5
Fluency of Language Expression,4.75,-0.5
Fluency of Language Expression,4.75,-0.5
Fluency of Language Expression,4.5,1.0
Fluency of Language Expression,4.75,0.5
Fluency of Language Expression,4.75,0.5
Fluency of Language Expression,4.75,-0.5
Fluency of Language Expression,5.0,0.0
Fluency of Language Expression,4.75,-0.5
Fluency of Language Expression,4.5,0.0
Fluency of Language Expression,4.75,-0.5
Fluency of Language Expression,4.75,-0.5
Fluency of Language Expression,4.75,-0.5
Fluency of Language Expression,5.25,0.5
Fluency of Language Expression,4.5,0.0
Fluency of Language Expression,4.25,0.5
Fluency of Language Expression,4.5,0.0
Fluency of Language Expression,4.75,-0.5
Fluency of Language Expression,4.25,0.5
Fluency of Language Expression,4.75,-0.5
Fluency of Language Expression,4.25,0.5
Fluency of Language Expression,4.25,0.5
Fluency of Language Expression,4.75,-0.5
Fluency of Language Expression,4.75,-0.5
Fluency of Language Expression,4.25,0.5
Fluency of Language Expression,4.25,0.5
Fluency of Language Expression,7.75,-1.5
Fluency of Language Expression,4.25,0.5
Fluency of Language Expression,4.25,0.5
Fluency of Language Expression,4.25,0.5
Fluency of Language Expression,5.75,-0.5
Fluency of Language Expression,4.25,0.5
Fluency of Language Expression,4.65,0.2999999999999998
Fluency of Language Expression,4.5,1.0
Fluency of Language Expression,5.25,-0.5
Fluency of Language Expression,4.75,-0.5
Fluency of Language Expression,4.75,0.5
Fluency of Language Expression,4.75,-0.5
Fluency of Language Expression,4.25,0.5
Fluency of Language Expression,4.5,1.0
Appropriateness of Professional Terminology Use,4.75,0.5
Appropriateness of Professional Terminology Use,5.0,0.0
Appropriateness of Professional Terminology Use,5.0,0.0
Appropriateness of Professional Terminology Use,5.6,0.0
Appropriateness of Professional Terminology Use,6.75,0.5
Appropriateness of Professional Terminology Use,4.800000000000001,0.20000000000000018
Appropriateness of Professional Terminology Use,4.25,0.5
Appropriateness of Professional Terminology Use,4.75,0.5
Appropriateness of Professional Terminology Use,4.75,0.5
Appropriateness of Professional Terminology Use,4.75,0.5
Appropriateness of Professional Terminology Use,4.75,-0.5
Appropriateness of Professional Terminology Use,4.5,1.0
Appropriateness of Professional Terminology Use,4.75,0.5
Appropriateness of Professional Terminology Use,4.25,0.5
Appropriateness of Professional Terminology Use,8.5,-1.0
Appropriateness of Professional Terminology Use,5.25,-0.5
Appropriateness of Professional Terminology Use,4.25,0.5
Appropriateness of Professional Terminology Use,7.5,0.0
Appropriateness of Professional Terminology Use,5.0,0.0
Appropriateness of Professional Terminology Use,4.75,-0.5
Appropriateness of Professional Terminology Use,7.5,0.0
Appropriateness of Professional Terminology Use,4.25,0.5
Appropriateness of Professional Terminology Use,7.25,-0.5
Appropriateness of Professional Terminology Use,4.5,0.0
Appropriateness of Professional Terminology Use,5.75,0.5
Appropriateness of Professional Terminology Use,4.75,0.5
Appropriateness of Professional Terminology Use,4.75,0.5
Appropriateness of Professional Terminology Use,4.25,0.5
Appropriateness of Professional Terminology Use,5.25,-0.5
Appropriateness of Professional Terminology Use,5.0,0.0
Appropriateness of Professional Terminology Use,4.75,0.5
Appropriateness of Professional Terminology Use,6.5,0.0
Appropriateness of Professional Terminology Use,4.75,-0.5
Appropriateness of Professional Terminology Use,4.75,0.5
Appropriateness of Professional Terminology Use,4.5,1.0
Appropriateness of Professional Terminology Use,4.75,0.5
Appropriateness of Professional Terminology Use,5.0,0.0
Appropriateness of Professional Terminology Use,7.5,0.0
Appropriateness of Professional Terminology Use,7.25,-0.5
Appropriateness of Professional Terminology Use,4.75,0.5
Appropriateness of Professional Terminology Use,8.25,-0.5
Appropriateness of Professional Terminology Use,5.0,0.0
Appropriateness of Professional Terminology Use,5.25,-0.5
Appropriateness of Professional Terminology Use,4.75,0.5
Appropriateness of Professional Terminology Use,4.75,-0.5
Appropriateness of Professional Terminology Use,4.25,0.5
Appropriateness of Professional Terminology Use,5.0,0.0
Appropriateness of Professional Terminology Use,5.0,0.0
Appropriateness of Professional Terminology Use,4.75,0.5
Appropriateness of Professional Terminology Use,5.0,0.0
Appropriateness of Professional Terminology Use,4.75,0.5
Appropriateness of Professional Terminology Use,6.0,0.0
Appropriateness of Professional Terminology Use,4.5,1.0
Appropriateness of Professional Terminology Use,4.5,0.0
Appropriateness of Professional Terminology Use,5.0,0.0
Appropriateness of Professional Terminology Use,6.5,-1.0
Appropriateness of Professional Terminology Use,7.75,0.5
Appropriateness of Professional Terminology Use,4.75,0.5
Appropriateness of Professional Terminology Use,5.25,-0.5
Appropriateness of Professional Terminology Use,4.75,-0.5
Appropriateness of Professional Terminology Use,4.75,0.5
Appropriateness of Professional Terminology Use,4.25,0.5
Appropriateness of Professional Terminology Use,4.25,0.5
Appropriateness of Professional Terminology Use,7.5,-1.0
Appropriateness of Professional Terminology Use,7.0,0.0
Appropriateness of Professional Terminology Use,4.75,0.5
Appropriateness of Professional Terminology Use,4.75,0.5
Appropriateness of Professional Terminology Use,5.25,0.5
Appropriateness of Professional Terminology Use,4.75,0.5
Appropriateness of Professional Terminology Use,7.0,1.0
Appropriateness of Professional Terminology Use,5.0,0.0
Appropriateness of Professional Terminology Use,4.75,0.5
Appropriateness of Professional Terminology Use,4.25,0.5
Appropriateness of Professional Terminology Use,7.5,0.0
Appropriateness of Professional Terminology Use,5.0,0.0
Appropriateness of Professional Terminology Use,7.25,-0.5
Appropriateness of Professional Terminology Use,5.0,0.0
Appropriateness of Professional Terminology Use,6.75,0.5
Appropriateness of Professional Terminology Use,4.25,0.5
Appropriateness of Professional Terminology Use,4.25,0.5
Appropriateness of Professional Terminology Use,4.5,1.0
Appropriateness of Professional Terminology Use,8.0,0.0
Appropriateness of Professional Terminology Use,7.5,0.0
Appropriateness of Professional Terminology Use,5.5,0.0
Appropriateness of Professional Terminology Use,5.0,0.0
Appropriateness of Professional Terminology Use,5.0,0.0
Appropriateness of Professional Terminology Use,4.25,0.5
Appropriateness of Professional Terminology Use,4.75,0.5
Appropriateness of Professional Terminology Use,5.0,0.0
Appropriateness of Professional Terminology Use,5.5,0.0
Appropriateness of Professional Terminology Use,5.25,0.5
Appropriateness of Professional Terminology Use,4.75,0.5
Appropriateness of Professional Terminology Use,5.0,0.0
Appropriateness of Professional Terminology Use,7.75,-0.5
Appropriateness of Professional Terminology Use,4.75,-0.5
Appropriateness of Professional Terminology Use,4.75,0.5
Appropriateness of Professional Terminology Use,6.75,-0.5
Appropriateness of Professional Terminology Use,5.25,-0.5
Appropriateness of Professional Terminology Use,4.699999999999999,0.20000000000000018
Appropriateness of Professional Terminology Use,4.5,0.0
Appropriateness of Professional Terminology Use,5.75,-0.5
Appropriateness of Professional Terminology Use,4.75,0.5
Appropriateness of Professional Terminology Use,5.0,1.0
Appropriateness of Professional Terminology Use,4.25,0.5
Appropriateness of Professional Terminology Use,6.75,-0.5
Appropriateness of Professional Terminology Use,5.0,0.0
Appropriateness of Professional Terminology Use,4.25,0.5
Appropriateness of Professional Terminology Use,4.75,0.5
Appropriateness of Professional Terminology Use,7.75,-0.5
Appropriateness of Professional Terminology Use,4.75,-0.5
Appropriateness of Professional Terminology Use,4.95,-0.09999999999999964
Appropriateness of Professional Terminology Use,4.75,0.5
Appropriateness of Professional Terminology Use,5.0,0.0
Appropriateness of Professional Terminology Use,5.5,0.0
Appropriateness of Professional Terminology Use,5.25,-0.5
Appropriateness of Professional Terminology Use,5.25,-0.5
Appropriateness of Professional Terminology Use,5.75,-0.5
Appropriateness of Professional Terminology Use,4.25,0.5
Appropriateness of Professional Terminology Use,6.0,0.0
Appropriateness of Professional Terminology Use,4.8,0.40000000000000036
Appropriateness of Professional Terminology Use,4.75,0.5
Appropriateness of Professional Terminology Use,4.75,-0.5
Appropriateness of Professional Terminology Use,5.0,0.0
Appropriateness of Professional Terminology Use,4.75,0.5
Appropriateness of Professional Terminology Use,7.5,-0.5999999999999996
Appropriateness of Professional Terminology Use,5.0,0.0
Appropriateness of Professional Terminology Use,5.0,0.0
Appropriateness of Professional Terminology Use,4.25,0.5
Appropriateness of Professional Terminology Use,4.75,0.5
Appropriateness of Professional Terminology Use,4.25,0.5
Appropriateness of Professional Terminology Use,8.0,-1.0
Appropriateness of Professional Terminology Use,4.25,0.5
Appropriateness of Professional Terminology Use,5.25,-0.5
Appropriateness of Professional Terminology Use,7.5,0.0
Appropriateness of Professional Terminology Use,4.5,1.0
Appropriateness of Professional Terminology Use,4.75,0.5
Appropriateness of Professional Terminology Use,4.75,0.5
Appropriateness of Professional Terminology Use,4.75,0.5
Appropriateness of Professional Terminology Use,4.25,0.5
Appropriateness of Professional Terminology Use,7.5,0.0
Appropriateness of Professional Terminology Use,6.5,-1.0
Appropriateness of Professional Terminology Use,7.25,0.5
Appropriateness of Professional Terminology Use,4.5,0.0
Appropriateness of Professional Terminology Use,4.25,0.5
Appropriateness of Professional Terminology Use,7.75,-0.5
Appropriateness of Professional Terminology Use,4.25,0.5
Appropriateness of Professional Terminology Use,8.75,-0.5
Appropriateness of Professional Terminology Use,4.25,0.5
Appropriateness of Professional Terminology Use,4.9,-0.20000000000000018
Appropriateness of Professional Terminology Use,4.25,0.5
Appropriateness of Professional Terminology Use,4.75,-0.5
Appropriateness of Professional Terminology Use,8.25,-0.5
Appropriateness of Professional Terminology Use,4.75,0.5
Appropriateness of Professional Terminology Use,4.5,1.0
Appropriateness of Professional Terminology Use,7.75,-0.5
Appropriateness of Professional Terminology Use,4.75,-0.5
Appropriateness of Professional Terminology Use,6.75,-0.5
Appropriateness of Professional Terminology Use,4.75,-0.5
Appropriateness of Professional Terminology Use,7.75,-0.5
Appropriateness of Professional Terminology Use,6.5,-1.0
Appropriateness of Professional Terminology Use,4.75,0.5
Appropriateness of Professional Terminology Use,5.25,-0.5
Appropriateness of Professional Terminology Use,6.25,0.5
Appropriateness of Professional Terminology Use,7.75,-0.5
Appropriateness of Professional Terminology Use,7.5,0.0
Appropriateness of Professional Terminology Use,4.75,0.5
Appropriateness of Professional Terminology Use,7.25,0.5
Appropriateness of Professional Terminology Use,5.0,0.0
Appropriateness of Professional Terminology Use,4.75,0.5
Appropriateness of Professional Terminology Use,4.5,0.0
Appropriateness of Professional Terminology Use,4.25,0.5
Appropriateness of Professional Terminology Use,7.75,-0.5
Appropriateness of Professional Terminology Use,4.25,0.5
Appropriateness of Professional Terminology Use,4.75,0.5
Appropriateness of Professional Terminology Use,4.75,0.5
Appropriateness of Professional Terminology Use,4.25,0.5
Appropriateness of Professional Terminology Use,7.25,-0.5
Appropriateness of Professional Terminology Use,5.25,-0.5
Appropriateness of Professional Terminology Use,4.5,0.0
Appropriateness of Professional Terminology Use,7.25,-0.5
Appropriateness of Professional Terminology Use,4.75,0.5
Appropriateness of Professional Terminology Use,4.75,0.5
Appropriateness of Professional Terminology Use,4.75,-0.5
Appropriateness of Professional Terminology Use,7.5,0.0
Appropriateness of Professional Terminology Use,5.5,-1.0
Appropriateness of Professional Terminology Use,4.0,1.0
Appropriateness of Professional Terminology Use,5.0,0.0
Appropriateness of Professional Terminology Use,5.75,-0.5
Appropriateness of Professional Terminology Use,7.5,0.0
Appropriateness of Professional Terminology Use,4.75,-0.5
Appropriateness of Professional Terminology Use,4.25,0.5
Appropriateness of Professional Terminology Use,4.75,0.5
Appropriateness of Professional Terminology Use,4.75,0.5
Appropriateness of Professional Terminology Use,7.25,-0.5
Appropriateness of Professional Terminology Use,4.75,0.5
Appropriateness of Professional Terminology Use,4.25,0.5
Appropriateness of Professional Terminology Use,5.0,0.0
Appropriateness of Professional Terminology Use,7.5,0.0
Appropriateness of Professional Terminology Use,5.05,-0.09999999999999964
Appropriateness of Professional Terminology Use,4.25,0.5
Appropriateness of Professional Terminology Use,4.75,0.5
Appropriateness of Professional Terminology Use,4.25,0.5
Appropriateness of Professional Terminology Use,7.25,-0.5
Appropriateness of Professional Terminology Use,5.0,0.0
Appropriateness of Professional Terminology Use,4.75,0.5
Appropriateness of Professional Terminology Use,4.25,0.5
Appropriateness of Professional Terminology Use,5.25,-0.5
Appropriateness of Professional Terminology Use,5.25,-0.5
Appropriateness of Professional Terminology Use,4.5,1.0
Appropriateness of Professional Terminology Use,7.25,0.5
Appropriateness of Professional Terminology Use,4.25,0.5
Appropriateness of Professional Terminology Use,5.25,0.5
Appropriateness of Professional Terminology Use,4.5,1.0
Appropriateness of Professional Terminology Use,4.75,0.5
Appropriateness of Professional Terminology Use,4.75,0.5
Appropriateness of Professional Terminology Use,4.65,0.2999999999999998
Appropriateness of Professional Terminology Use,8.0,-1.0
Appropriateness of Professional Terminology Use,5.0,0.0
Appropriateness of Professional Terminology Use,8.0,-1.0
Appropriateness of Professional Terminology Use,4.75,0.5
Appropriateness of Professional Terminology Use,4.75,0.5
Appropriateness of Professional Terminology Use,4.25,0.5
Appropriateness of Professional Terminology Use,5.75,-0.5
Appropriateness of Professional Terminology Use,4.5,0.0
Appropriateness of Professional Terminology Use,4.25,0.5
Appropriateness of Professional Terminology Use,4.75,0.5
Appropriateness of Professional Terminology Use,7.75,-0.5
Appropriateness of Professional Terminology Use,4.75,0.5
Appropriateness of Professional Terminology Use,4.25,0.5
Appropriateness of Professional Terminology Use,4.5,0.0
Appropriateness of Professional Terminology Use,7.0,-1.0
Appropriateness of Professional Terminology Use,5.0,0.0
Appropriateness of Professional Terminology Use,4.5,0.0
Appropriateness of Professional Terminology Use,7.0,1.0
Appropriateness of Professional Terminology Use,4.75,0.5
Appropriateness of Professional Terminology Use,7.25,-0.5
Appropriateness of Professional Terminology Use,6.75,0.5
Appropriateness of Professional Terminology Use,7.0,1.0
Appropriateness of Professional Terminology Use,,
Appropriateness of Professional Terminology Use,4.25,0.5
Appropriateness of Professional Terminology Use,4.25,0.5
Appropriateness of Professional Terminology Use,7.75,-0.5
Appropriateness of Professional Terminology Use,7.25,-0.5
Appropriateness of Professional Terminology Use,4.75,0.5
Appropriateness of Professional Terminology Use,4.25,0.5
Appropriateness of Professional Terminology Use,5.0,-1.0
Appropriateness of Professional Terminology Use,7.25,0.5
Appropriateness of Professional Terminology Use,5.25,-0.5
Appropriateness of Professional Terminology Use,5.0,1.0
Appropriateness of Professional Terminology Use,5.0,0.0
Appropriateness of Professional Terminology Use,5.0,0.0
Appropriateness of Professional Terminology Use,5.0,0.0
Appropriateness of Professional Terminology Use,5.0,0.0
Appropriateness of Professional Terminology Use,7.0,0.0
Appropriateness of Professional Terminology Use,8.25,-0.5
Appropriateness of Professional Terminology Use,5.0,0.0
Appropriateness of Professional Terminology Use,7.75,-0.5
Appropriateness of Professional Terminology Use,5.0,0.0
Appropriateness of Professional Terminology Use,4.25,0.5
Appropriateness of Professional Terminology Use,5.25,0.5
Appropriateness of Professional Terminology Use,5.0,0.0
Appropriateness of Professional Terminology Use,4.75,0.5
Appropriateness of Professional Terminology Use,4.25,0.5
Appropriateness of Professional Terminology Use,8.25,-0.5
Appropriateness of Professional Terminology Use,5.25,-0.5
Appropriateness of Professional Terminology Use,5.0,0.0
Appropriateness of Professional Terminology Use,7.5,-1.0
Appropriateness of Professional Terminology Use,4.75,-0.5
Appropriateness of Professional Terminology Use,4.25,0.5
Appropriateness of Professional Terminology Use,4.25,0.5
Appropriateness of Professional Terminology Use,7.75,-0.5
Appropriateness of Professional Terminology Use,5.0,0.0
Appropriateness of Professional Terminology Use,4.5,1.0
Appropriateness of Professional Terminology Use,5.0,0.0
Appropriateness of Professional Terminology Use,4.5,0.0
Appropriateness of Professional Terminology Use,7.5,0.0
Appropriateness of Professional Terminology Use,7.75,-0.5
Appropriateness of Professional Terminology Use,5.25,-0.5
Appropriateness of Professional Terminology Use,5.75,-0.5
Appropriateness of Professional Terminology Use,4.25,-0.5
Appropriateness of Professional Terminology Use,8.25,-0.5
Appropriateness of Professional Terminology Use,5.0,1.0
Appropriateness of Professional Terminology Use,5.25,-0.5
Appropriateness of Professional Terminology Use,4.75,-0.5
Appropriateness of Professional Terminology Use,4.25,0.5
Appropriateness of Professional Terminology Use,4.75,0.5
Appropriateness of Professional Terminology Use,4.5,1.0
Appropriateness of Professional Terminology Use,5.0,0.0
Appropriateness of Professional Terminology Use,7.75,-0.5
Appropriateness of Professional Terminology Use,4.75,-0.5
Appropriateness of Professional Terminology Use,4.75,0.5
Appropriateness of Professional Terminology Use,4.25,0.5
Appropriateness of Professional Terminology Use,4.25,0.5
Appropriateness of Professional Terminology Use,4.5,0.0
Appropriateness of Professional Terminology Use,5.25,-0.5
Appropriateness of Professional Terminology Use,5.25,0.5
Appropriateness of Professional Terminology Use,8.0,1.0
Appropriateness of Professional Terminology Use,4.5,0.0
Appropriateness of Professional Terminology Use,4.75,0.3000000000000007
Appropriateness of Professional Terminology Use,4.75,0.5
Appropriateness of Professional Terminology Use,4.25,0.5
Appropriateness of Professional Terminology Use,7.5,-1.0
Appropriateness of Professional Terminology Use,4.75,0.5
Appropriateness of Professional Terminology Use,7.25,-0.5
Appropriateness of Professional Terminology Use,4.75,-0.5
Appropriateness of Professional Terminology Use,4.25,0.5
Appropriateness of Professional Terminology Use,5.0,0.0
Appropriateness of Professional Terminology Use,4.25,0.5
Appropriateness of Professional Terminology Use,5.0,0.0
Appropriateness of Professional Terminology Use,7.75,-0.5
Appropriateness of Professional Terminology Use,5.5,0.0
Appropriateness of Professional Terminology Use,7.75,-0.5
Appropriateness of Professional Terminology Use,6.75,0.5
Appropriateness of Professional Terminology Use,4.75,-0.5
Appropriateness of Professional Terminology Use,4.25,0.5
Appropriateness of Professional Terminology Use,4.75,0.5
Appropriateness of Professional Terminology Use,5.0,0.0
Appropriateness of Professional Terminology Use,4.5,0.0
Appropriateness of Professional Terminology Use,4.75,0.5
Appropriateness of Professional Terminology Use,5.0,0.0
Appropriateness of Professional Terminology Use,5.0,0.0
Appropriateness of Professional Terminology Use,4.75,0.5
Appropriateness of Professional Terminology Use,4.25,0.5
Appropriateness of Professional Terminology Use,8.25,-0.5
Appropriateness of Professional Terminology Use,4.25,0.5
Appropriateness of Professional Terminology Use,4.25,0.5
Appropriateness of Professional Terminology Use,5.0,0.0
Appropriateness of Professional Terminology Use,4.75,-0.5
Appropriateness of Professional Terminology Use,7.5,0.0
Appropriateness of Professional Terminology Use,5.5,0.0
Appropriateness of Professional Terminology Use,8.25,-0.5
Appropriateness of Professional Terminology Use,4.25,0.5
Appropriateness of Professional Terminology Use,4.75,0.5
Appropriateness of Professional Terminology Use,4.75,-0.5
Appropriateness of Professional Terminology Use,5.0,0.0
Appropriateness of Professional Terminology Use,5.0,0.0
Appropriateness of Professional Terminology Use,4.5,0.0
Appropriateness of Professional Terminology Use,4.75,0.5
Appropriateness of Professional Terminology Use,5.75,-0.5
Appropriateness of Professional Terminology Use,4.75,0.5
Appropriateness of Professional Terminology Use,4.75,0.5
Appropriateness of Professional Terminology Use,4.75,0.5
Appropriateness of Professional Terminology Use,4.75,0.5
Appropriateness of Professional Terminology Use,4.25,0.5
Appropriateness of Professional Terminology Use,4.75,0.5
Appropriateness of Professional Terminology Use,4.75,0.5
Appropriateness of Professional Terminology Use,5.0,0.0
Appropriateness of Professional Terminology Use,4.75,0.5
Appropriateness of Professional Terminology Use,5.5,0.0
Appropriateness of Professional Terminology Use,4.75,0.5
Appropriateness of Professional Terminology Use,4.25,0.5
Appropriateness of Professional Terminology Use,4.75,-0.5
Appropriateness of Professional Terminology Use,5.0,0.0
Appropriateness of Professional Terminology Use,5.25,-0.5
Appropriateness of Professional Terminology Use,4.5,1.0
Appropriateness of Professional Terminology Use,6.75,0.5
Appropriateness of Professional Terminology Use,4.5,0.0
Appropriateness of Professional Terminology Use,5.5,0.0
Appropriateness of Professional Terminology Use,4.75,0.5
Appropriateness of Professional Terminology Use,4.25,0.5
Appropriateness of Professional Terminology Use,5.5,0.0
Appropriateness of Professional Terminology Use,4.75,0.5
Appropriateness of Professional Terminology Use,5.25,-0.5
Appropriateness of Professional Terminology Use,4.25,0.5
Appropriateness of Professional Terminology Use,4.75,-0.5
Appropriateness of Professional Terminology Use,4.25,0.5
Appropriateness of Professional Terminology Use,4.25,0.5
Appropriateness of Professional Terminology Use,7.0,0.0
Appropriateness of Professional Terminology Use,4.25,0.5
Appropriateness of Professional Terminology Use,5.75,-0.5
Appropriateness of Professional Terminology Use,4.75,0.5
Appropriateness of Professional Terminology Use,7.0,0.0
Appropriateness of Professional Terminology Use,4.5,1.0
Appropriateness of Professional Terminology Use,4.75,0.5
Appropriateness of Professional Terminology Use,4.75,0.5
Appropriateness of Professional Terminology Use,4.25,0.5
Appropriateness of Professional Terminology Use,4.75,0.5
Appropriateness of Professional Terminology Use,5.75,-0.5
Appropriateness of Professional Terminology Use,7.75,-0.5
Appropriateness of Professional Terminology Use,4.75,0.5
Appropriateness of Professional Terminology Use,4.75,0.5
Appropriateness of Professional Terminology Use,4.5,1.0
Appropriateness of Professional Terminology Use,4.75,0.5
Appropriateness of Professional Terminology Use,5.0,0.0
Appropriateness of Professional Terminology Use,4.75,0.5
Appropriateness of Professional Terminology Use,5.75,-0.5
Appropriateness of Professional Terminology Use,4.5,0.0
Appropriateness of Professional Terminology Use,7.75,-0.5
Appropriateness of Professional Terminology Use,4.5,1.0
Appropriateness of Professional Terminology Use,4.75,-0.5
Appropriateness of Professional Terminology Use,4.75,0.5
Appropriateness of Professional Terminology Use,4.5,0.0
Appropriateness of Professional Terminology Use,5.0,0.0
Appropriateness of Professional Terminology Use,4.25,0.5
Appropriateness of Professional Terminology Use,4.75,0.5
Appropriateness of Professional Terminology Use,4.75,0.5
Appropriateness of Professional Terminology Use,4.75,0.5
Appropriateness of Professional Terminology Use,5.0,0.0
Appropriateness of Professional Terminology Use,7.75,-0.5
Appropriateness of Professional Terminology Use,4.75,0.5
Appropriateness of Professional Terminology Use,5.5,-1.0
Appropriateness of Professional Terminology Use,4.25,0.5
Appropriateness of Professional Terminology Use,7.75,-0.5
Appropriateness of Professional Terminology Use,6.75,0.5
Appropriateness of Professional Terminology Use,5.25,-0.5
Appropriateness of Professional Terminology Use,4.75,-0.5
Appropriateness of Professional Terminology Use,5.0,0.0
Appropriateness of Professional Terminology Use,4.75,-0.5
Appropriateness of Professional Terminology Use,4.25,0.5
Appropriateness of Professional Terminology Use,4.25,0.5
Appropriateness of Professional Terminology Use,5.25,-0.5
Appropriateness of Professional Terminology Use,4.25,0.5
Appropriateness of Professional Terminology Use,4.25,0.5
Appropriateness of Professional Terminology Use,4.75,0.5
Appropriateness of Professional Terminology Use,5.25,0.5
Appropriateness of Professional Terminology Use,4.75,0.5
Appropriateness of Professional Terminology Use,5.75,-0.5
Appropriateness of Professional Terminology Use,5.0,0.0
Appropriateness of Professional Terminology Use,5.0,0.0
Appropriateness of Professional Terminology Use,4.75,-0.5
Appropriateness of Professional Terminology Use,4.25,0.5
Appropriateness of Professional Terminology Use,4.25,0.5
Appropriateness of Professional Terminology Use,4.25,0.5
Appropriateness of Professional Terminology Use,4.75,0.5
Appropriateness of Professional Terminology Use,4.75,-0.5
Appropriateness of Professional Terminology Use,7.25,-0.5
Appropriateness of Professional Terminology Use,5.0,0.0
Appropriateness of Professional Terminology Use,4.75,0.5
Appropriateness of Professional Terminology Use,4.75,-0.5
Appropriateness of Professional Terminology Use,4.25,0.5
Appropriateness of Professional Terminology Use,4.75,0.5
Appropriateness of Professional Terminology Use,4.75,0.5
Appropriateness of Professional Terminology Use,5.25,-0.5
Appropriateness of Professional Terminology Use,7.75,-0.5
Appropriateness of Professional Terminology Use,4.5,1.0
Appropriateness of Professional Terminology Use,4.5,1.0
Appropriateness of Professional Terminology Use,4.75,-0.5
Appropriateness of Professional Terminology Use,4.5,1.0
Appropriateness of Professional Terminology Use,4.25,0.5
Appropriateness of Professional Terminology Use,5.5,0.0
Appropriateness of Professional Terminology Use,4.5,0.0
Appropriateness of Professional Terminology Use,4.85,0.10000000000000053
Appropriateness of Professional Terminology Use,4.25,0.5
Appropriateness of Professional Terminology Use,5.0,0.0
Appropriateness of Professional Terminology Use,4.9,-0.20000000000000018
Appropriateness of Professional Terminology Use,5.75,0.5
Appropriateness of Professional Terminology Use,7.25,-0.5
Appropriateness of Professional Terminology Use,4.75,0.5
Appropriateness of Professional Terminology Use,5.0,0.0
Appropriateness of Professional Terminology Use,4.75,0.5
Appropriateness of Professional Terminology Use,4.75,0.5
Appropriateness of Professional Terminology Use,5.0,0.0
Appropriateness of Professional Terminology Use,4.75,-0.5
Appropriateness of Professional Terminology Use,5.0,0.0
Appropriateness of Professional Terminology Use,7.75,-0.5
Appropriateness of Professional Terminology Use,5.25,-0.5
Appropriateness of Professional Terminology Use,7.25,-0.5
Appropriateness of Professional Terminology Use,5.25,-0.5
Appropriateness of Professional Terminology Use,4.25,0.5
Appropriateness of Professional Terminology Use,4.75,0.5
Appropriateness of Professional Terminology Use,5.25,-0.5
Appropriateness of Professional Terminology Use,7.75,-0.5
Appropriateness of Professional Terminology Use,7.25,-0.5
Appropriateness of Professional Terminology Use,5.0,0.0
Appropriateness of Professional Terminology Use,5.0,0.0
Appropriateness of Professional Terminology Use,4.5,1.0
Appropriateness of Professional Terminology Use,5.0,0.0
Appropriateness of Professional Terminology Use,6.5,0.0
Appropriateness of Professional Terminology Use,5.0,0.0
Appropriateness of Professional Terminology Use,4.5,1.0
Appropriateness of Professional Terminology Use,6.75,0.5
Appropriateness of Professional Terminology Use,5.25,-0.5
Appropriateness of Professional Terminology Use,4.75,0.5
Appropriateness of Professional Terminology Use,4.75,0.5
Appropriateness of Professional Terminology Use,4.25,0.5
Appropriateness of Professional Terminology Use,7.25,-0.5
Appropriateness of Professional Terminology Use,4.5,0.0
Appropriateness of Professional Terminology Use,5.5,-1.0
Appropriateness of Professional Terminology Use,4.75,0.5
Appropriateness of Professional Terminology Use,6.75,-0.5
Appropriateness of Professional Terminology Use,5.0,0.0
Appropriateness of Professional Terminology Use,5.5,0.0
Appropriateness of Professional Terminology Use,4.75,0.5
Appropriateness of Professional Terminology Use,7.5,0.0
Appropriateness of Professional Terminology Use,4.75,-0.5
Appropriateness of Professional Terminology Use,4.25,0.5
Appropriateness of Professional Terminology Use,5.25,-0.5
Appropriateness of Professional Terminology Use,5.75,-0.5
Appropriateness of Professional Terminology Use,4.75,-0.5
Appropriateness of Professional Terminology Use,5.25,0.5
Appropriateness of Professional Terminology Use,4.75,0.5
Appropriateness of Professional Terminology Use,5.0,0.0
Appropriateness of Professional Terminology Use,7.5,0.0
Appropriateness of Professional Terminology Use,5.0,0.0
Appropriateness of Professional Terminology Use,4.25,0.5
Appropriateness of Professional Terminology Use,4.5,0.0
Appropriateness of Professional Terminology Use,5.0,-1.0
Appropriateness of Professional Terminology Use,4.75,-0.5
Appropriateness of Professional Terminology Use,5.0,0.0
Appropriateness of Professional Terminology Use,4.25,0.5
Appropriateness of Professional Terminology Use,5.25,0.5
Appropriateness of Professional Terminology Use,4.75,0.5
Appropriateness of Professional Terminology Use,6.0,-1.0
Appropriateness of Professional Terminology Use,7.5,0.0
Appropriateness of Professional Terminology Use,4.25,0.5
Appropriateness of Professional Terminology Use,4.75,0.5
Appropriateness of Professional Terminology Use,8.0,-1.0
Appropriateness of Professional Terminology Use,4.5,0.5999999999999996
Appropriateness of Professional Terminology Use,5.75,-0.5
Appropriateness of Professional Terminology Use,7.5,0.0
Appropriateness of Professional Terminology Use,7.25,-0.5
Appropriateness of Professional Terminology Use,8.0,-1.0
Appropriateness of Professional Terminology Use,7.75,-0.5
Appropriateness of Professional Terminology Use,5.0,0.0
Appropriateness of Professional Terminology Use,4.75,0.5
Appropriateness of Professional Terminology Use,5.0,0.0
Appropriateness of Professional Terminology Use,4.75,-0.5
Appropriateness of Professional Terminology Use,5.0,0.0
Appropriateness of Professional Terminology Use,5.75,-0.5
Appropriateness of Professional Terminology Use,4.5,0.0
Appropriateness of Professional Terminology Use,4.75,-0.5
Appropriateness of Professional Terminology Use,4.75,-0.5
Appropriateness of Professional Terminology Use,5.75,-0.5
Appropriateness of Professional Terminology Use,4.75,0.5
Appropriateness of Professional Terminology Use,5.5,0.0
Appropriateness of Professional Terminology Use,4.75,0.5
Appropriateness of Professional Terminology Use,5.0,0.0
Appropriateness of Professional Terminology Use,5.25,-0.5
Appropriateness of Professional Terminology Use,4.25,0.5
Appropriateness of Professional Terminology Use,6.75,0.5
Appropriateness of Professional Terminology Use,4.75,0.5
Appropriateness of Professional Terminology Use,4.25,0.5
Appropriateness of Professional Terminology Use,7.25,-0.5
Appropriateness of Professional Terminology Use,7.75,-0.5
Appropriateness of Professional Terminology Use,4.25,0.5
Appropriateness of Professional Terminology Use,5.25,0.5
Appropriateness of Professional Terminology Use,8.0,-1.0
Appropriateness of Professional Terminology Use,7.25,0.5
Appropriateness of Professional Terminology Use,4.25,0.5
Appropriateness of Professional Terminology Use,4.75,0.5
Appropriateness of Professional Terminology Use,5.75,-0.5
Appropriateness of Professional Terminology Use,4.25,0.5
Appropriateness of Professional Terminology Use,4.85,0.2999999999999998
Appropriateness of Professional Terminology Use,4.5,1.0
Appropriateness of Professional Terminology Use,5.25,-0.5
Appropriateness of Professional Terminology Use,4.75,-0.5
Appropriateness of Professional Terminology Use,4.75,0.5
Appropriateness of Professional Terminology Use,5.0,0.0
Appropriateness of Professional Terminology Use,4.25,0.5
Appropriateness of Professional Terminology Use,4.5,1.0
Conciseness of Expression,4.75,0.5
Conciseness of Expression,5.0,0.0
Conciseness of Expression,5.0,0.0
Conciseness of Expression,5.2,0.0
Conciseness of Expression,6.25,0.5
Conciseness of Expression,4.800000000000001,0.20000000000000018
Conciseness of Expression,4.75,0.5
Conciseness of Expression,4.75,0.5
Conciseness of Expression,4.75,0.5
Conciseness of Expression,4.75,0.5
Conciseness of Expression,4.75,-0.5
Conciseness of Expression,4.5,1.0
Conciseness of Expression,4.75,0.5
Conciseness of Expression,4.25,0.5
Conciseness of Expression,8.0,-1.0
Conciseness of Expression,4.75,-0.5
Conciseness of Expression,4.25,0.5
Conciseness of Expression,6.75,-0.5
Conciseness of Expression,5.0,0.0
Conciseness of Expression,4.25,-0.5
Conciseness of Expression,7.5,0.0
Conciseness of Expression,4.25,0.5
Conciseness of Expression,7.25,-0.5
Conciseness of Expression,4.5,0.0
Conciseness of Expression,4.75,0.5
Conciseness of Expression,4.75,0.5
Conciseness of Expression,4.75,0.5
Conciseness of Expression,4.25,0.5
Conciseness of Expression,5.25,-0.5
Conciseness of Expression,5.0,0.0
Conciseness of Expression,4.75,0.5
Conciseness of Expression,6.5,0.0
Conciseness of Expression,4.75,-0.5
Conciseness of Expression,4.75,0.5
Conciseness of Expression,4.5,1.0
Conciseness of Expression,4.75,0.5
Conciseness of Expression,5.0,0.0
Conciseness of Expression,6.25,-0.5
Conciseness of Expression,7.25,-0.5
Conciseness of Expression,4.75,0.5
Conciseness of Expression,7.75,-0.5
Conciseness of Expression,5.0,0.0
Conciseness of Expression,5.25,-0.5
Conciseness of Expression,4.75,0.5
Conciseness of Expression,4.75,-0.5
Conciseness of Expression,4.25,0.5
Conciseness of Expression,4.5,1.0
Conciseness of Expression,5.0,0.0
Conciseness of Expression,4.25,0.5
Conciseness of Expression,5.0,0.0
Conciseness of Expression,5.25,0.5
Conciseness of Expression,5.5,0.0
Conciseness of Expression,4.5,1.0
Conciseness of Expression,4.5,0.0
Conciseness of Expression,5.0,0.0
Conciseness of Expression,7.0,-1.0
Conciseness of Expression,7.75,0.5
Conciseness of Expression,4.25,0.5
Conciseness of Expression,5.25,-0.5
Conciseness of Expression,5.25,-0.5
Conciseness of Expression,4.25,0.5
Conciseness of Expression,4.25,0.5
Conciseness of Expression,4.25,0.5
Conciseness of Expression,7.5,-1.0
Conciseness of Expression,7.5,0.0
Conciseness of Expression,4.75,0.5
Conciseness of Expression,4.5,1.0
Conciseness of Expression,5.25,0.5
Conciseness of Expression,4.75,0.5
Conciseness of Expression,6.5,1.0
Conciseness of Expression,4.75,0.5
Conciseness of Expression,4.75,0.5
Conciseness of Expression,4.25,0.5
Conciseness of Expression,6.5,0.0
Conciseness of Expression,5.0,0.0
Conciseness of Expression,6.25,-0.5
Conciseness of Expression,5.0,0.0
Conciseness of Expression,6.0,1.0
Conciseness of Expression,4.25,0.5
Conciseness of Expression,4.25,0.5
Conciseness of Expression,4.5,1.0
Conciseness of Expression,7.75,-0.5
Conciseness of Expression,6.5,0.0
Conciseness of Expression,5.0,0.0
Conciseness of Expression,5.5,0.0
Conciseness of Expression,5.0,0.0
Conciseness of Expression,4.25,0.5
Conciseness of Expression,4.25,0.5
Conciseness of Expression,5.0,0.0
Conciseness of Expression,5.5,0.0
Conciseness of Expression,4.75,0.5
Conciseness of Expression,4.75,0.5
Conciseness of Expression,5.0,0.0
Conciseness of Expression,6.75,-0.5
Conciseness of Expression,4.75,-0.5
Conciseness of Expression,4.75,0.5
Conciseness of Expression,6.25,-0.5
Conciseness of Expression,5.25,-0.5
Conciseness of Expression,4.550000000000001,0.2999999999999998
Conciseness of Expression,4.5,0.0
Conciseness of Expression,5.25,-0.5
Conciseness of Expression,4.75,0.5
Conciseness of Expression,4.5,1.0
Conciseness of Expression,4.25,0.5
Conciseness of Expression,6.25,-0.5
Conciseness of Expression,4.75,0.5
Conciseness of Expression,4.25,0.5
Conciseness of Expression,4.75,0.5
Conciseness of Expression,7.25,-0.5
Conciseness of Expression,4.75,-0.5
Conciseness of Expression,4.65,-0.10000000000000053
Conciseness of Expression,4.25,0.5
Conciseness of Expression,5.0,0.0
Conciseness of Expression,5.5,0.0
Conciseness of Expression,5.75,-0.5
Conciseness of Expression,5.25,-0.5
Conciseness of Expression,5.25,-0.5
Conciseness of Expression,4.75,0.5
Conciseness of Expression,6.0,0.0
Conciseness of Expression,4.699999999999999,0.20000000000000018
Conciseness of Expression,4.25,0.5
Conciseness of Expression,4.75,-0.5
Conciseness of Expression,5.0,0.0
Conciseness of Expression,4.75,0.5
Conciseness of Expression,7.1,-0.6000000000000005
Conciseness of Expression,5.0,0.0
Conciseness of Expression,5.0,0.0
Conciseness of Expression,4.25,0.5
Conciseness of Expression,4.75,0.5
Conciseness of Expression,4.25,0.5
Conciseness of Expression,8.0,-1.0
Conciseness of Expression,4.25,0.5
Conciseness of Expression,5.75,-0.5
Conciseness of Expression,7.0,1.0
Conciseness of Expression,4.5,1.0
Conciseness of Expression,4.25,0.5
Conciseness of Expression,4.25,0.5
Conciseness of Expression,4.75,0.5
Conciseness of Expression,4.25,0.5
Conciseness of Expression,7.0,0.0
Conciseness of Expression,6.5,-1.0
Conciseness of Expression,6.5,0.0
Conciseness of Expression,4.25,0.5
Conciseness of Expression,4.25,0.5
Conciseness of Expression,7.5,-1.0
Conciseness of Expression,4.25,0.5
Conciseness of Expression,8.75,-0.5
Conciseness of Expression,4.75,0.5
Conciseness of Expression,5.1,-0.20000000000000018
Conciseness of Expression,4.25,0.5
Conciseness of Expression,4.75,-0.5
Conciseness of Expression,6.75,-0.5
Conciseness of Expression,4.75,0.5
Conciseness of Expression,4.5,1.0
Conciseness of Expression,7.25,-0.5
Conciseness of Expression,4.75,-0.5
Conciseness of Expression,5.75,-0.5
Conciseness of Expression,4.75,-0.5
Conciseness of Expression,6.75,-0.5
Conciseness of Expression,5.75,-1.5
Conciseness of Expression,4.75,0.5
Conciseness of Expression,5.25,-0.5
Conciseness of Expression,6.25,0.5
Conciseness of Expression,6.75,-0.5
Conciseness of Expression,7.0,0.0
Conciseness of Expression,5.25,0.5
Conciseness of Expression,6.75,0.5
Conciseness of Expression,5.5,-1.0
Conciseness of Expression,4.75,0.5
Conciseness of Expression,4.5,0.0
Conciseness of Expression,4.25,0.5
Conciseness of Expression,6.75,-0.5
Conciseness of Expression,4.25,0.5
Conciseness of Expression,4.75,0.5
Conciseness of Expression,4.25,0.5
Conciseness of Expression,4.25,0.5
Conciseness of Expression,6.75,-0.5
Conciseness of Expression,5.25,-0.5
Conciseness of Expression,4.5,0.0
Conciseness of Expression,6.75,-0.5
Conciseness of Expression,4.75,0.5
Conciseness of Expression,4.75,0.5
Conciseness of Expression,4.75,-0.5
Conciseness of Expression,6.75,-0.5
Conciseness of Expression,5.5,-1.0
Conciseness of Expression,4.0,1.0
Conciseness of Expression,4.0,1.0
Conciseness of Expression,5.75,-0.5
Conciseness of Expression,6.5,0.0
Conciseness of Expression,5.25,-0.5
Conciseness of Expression,4.25,0.5
Conciseness of Expression,5.0,1.0
Conciseness of Expression,4.25,0.5
Conciseness of Expression,7.75,-0.5
Conciseness of Expression,4.25,0.5
Conciseness of Expression,4.25,0.5
Conciseness of Expression,5.0,0.0
Conciseness of Expression,6.5,0.0
Conciseness of Expression,5.25,-0.09999999999999964
Conciseness of Expression,4.25,0.5
Conciseness of Expression,4.75,0.5
Conciseness of Expression,4.25,0.5
Conciseness of Expression,6.25,-0.5
Conciseness of Expression,5.0,0.0
Conciseness of Expression,4.5,1.0
Conciseness of Expression,4.25,0.5
Conciseness of Expression,5.25,-0.5
Conciseness of Expression,4.75,-0.5
Conciseness of Expression,4.5,1.0
Conciseness of Expression,6.25,0.5
Conciseness of Expression,4.25,0.5
Conciseness of Expression,5.0,1.0
Conciseness of Expression,4.5,1.0
Conciseness of Expression,4.75,0.5
Conciseness of Expression,4.75,0.5
Conciseness of Expression,4.35,0.2999999999999998
Conciseness of Expression,8.0,-1.0
Conciseness of Expression,5.0,0.0
Conciseness of Expression,8.25,-0.5
Conciseness of Expression,4.75,0.5
Conciseness of Expression,4.25,0.5
Conciseness of Expression,4.25,0.5
Conciseness of Expression,5.25,-0.5
Conciseness of Expression,4.5,0.0
Conciseness of Expression,4.25,0.5
Conciseness of Expression,4.75,0.5
Conciseness of Expression,8.25,-0.5
Conciseness of Expression,4.75,0.5
Conciseness of Expression,4.25,0.5
Conciseness of Expression,4.5,0.0
Conciseness of Expression,6.5,-1.0
Conciseness of Expression,5.0,0.0
Conciseness of Expression,4.5,0.0
Conciseness of Expression,7.0,1.0
Conciseness of Expression,4.75,0.5
Conciseness of Expression,6.75,-0.5
Conciseness of Expression,6.25,0.5
Conciseness of Expression,5.25,0.5
Conciseness of Expression,,
Conciseness of Expression,4.25,0.5
Conciseness of Expression,4.75,0.5
Conciseness of Expression,6.75,-0.5
Conciseness of Expression,7.0,-1.0
Conciseness of Expression,4.75,0.5
Conciseness of Expression,4.25,0.5
Conciseness of Expression,5.0,-1.0
Conciseness of Expression,6.75,0.5
Conciseness of Expression,5.25,-0.5
Conciseness of Expression,5.0,1.0
Conciseness of Expression,5.0,0.0
Conciseness of Expression,5.0,0.0
Conciseness of Expression,4.5,0.0
Conciseness of Expression,5.0,0.0
Conciseness of Expression,7.0,0.0
Conciseness of Expression,7.25,-0.5
Conciseness of Expression,5.0,0.0
Conciseness of Expression,6.75,-0.5
Conciseness of Expression,5.0,0.0
Conciseness of Expression,4.25,0.5
Conciseness of Expression,4.75,0.5
Conciseness of Expression,5.0,0.0
Conciseness of Expression,4.75,0.5
Conciseness of Expression,4.25,0.5
Conciseness of Expression,7.75,-0.5
Conciseness of Expression,5.25,-0.5
Conciseness of Expression,5.25,-0.5
Conciseness of Expression,7.0,-1.0
Conciseness of Expression,4.75,-0.5
Conciseness of Expression,4.25,0.5
Conciseness of Expression,4.25,0.5
Conciseness of Expression,7.0,-1.0
Conciseness of Expression,5.0,0.0
Conciseness of Expression,4.5,1.0
Conciseness of Expression,5.0,0.0
Conciseness of Expression,4.5,0.0
Conciseness of Expression,6.75,-0.5
Conciseness of Expression,6.75,-0.5
Conciseness of Expression,5.25,-0.5
Conciseness of Expression,5.75,-0.5
Conciseness of Expression,4.75,0.5
Conciseness of Expression,8.0,-1.0
Conciseness of Expression,4.5,1.0
Conciseness of Expression,5.25,-0.5
Conciseness of Expression,4.75,-0.5
Conciseness of Expression,4.25,0.5
Conciseness of Expression,4.75,0.5
Conciseness of Expression,4.5,1.0
Conciseness of Expression,5.0,0.0
Conciseness of Expression,6.75,-0.5
Conciseness of Expression,4.75,-0.5
Conciseness of Expression,4.75,0.5
Conciseness of Expression,4.25,0.5
Conciseness of Expression,4.25,0.5
Conciseness of Expression,5.0,0.0
Conciseness of Expression,5.25,-0.5
Conciseness of Expression,5.25,0.5
Conciseness of Expression,8.0,1.0
Conciseness of Expression,4.5,0.0
Conciseness of Expression,4.550000000000001,0.2999999999999998
Conciseness of Expression,4.75,0.5
Conciseness of Expression,4.25,0.5
Conciseness of Expression,7.0,-1.0
Conciseness of Expression,4.75,0.5
Conciseness of Expression,7.0,-1.0
Conciseness of Expression,5.25,-0.5
Conciseness of Expression,4.25,0.5
Conciseness of Expression,4.75,-0.5
Conciseness of Expression,4.25,0.5
Conciseness of Expression,5.0,0.0
Conciseness of Expression,7.75,-0.5
Conciseness of Expression,5.5,0.0
Conciseness of Expression,6.75,-0.5
Conciseness of Expression,6.75,0.5
Conciseness of Expression,5.25,-0.5
Conciseness of Expression,4.25,0.5
Conciseness of Expression,4.75,0.5
Conciseness of Expression,5.0,0.0
Conciseness of Expression,4.5,0.0
Conciseness of Expression,4.75,0.5
Conciseness of Expression,5.0,0.0
Conciseness of Expression,5.0,0.0
Conciseness of Expression,4.75,0.5
Conciseness of Expression,4.25,0.5
Conciseness of Expression,7.25,-0.5
Conciseness of Expression,4.25,0.5
Conciseness of Expression,4.25,0.5
Conciseness of Expression,5.0,0.0
Conciseness of Expression,4.75,-0.5
Conciseness of Expression,6.5,0.0
Conciseness of Expression,5.5,0.0
Conciseness of Expression,7.75,-0.5
Conciseness of Expression,4.75,0.5
Conciseness of Expression,4.75,0.5
Conciseness of Expression,4.75,-0.5
Conciseness of Expression,5.0,0.0
Conciseness of Expression,4.75,-0.5
Conciseness of Expression,4.5,0.0
Conciseness of Expression,4.75,0.5
Conciseness of Expression,5.5,-1.0
Conciseness of Expression,4.75,0.5
Conciseness of Expression,4.75,0.5
Conciseness of Expression,4.75,0.5
Conciseness of Expression,4.75,0.5
Conciseness of Expression,4.25,0.5
Conciseness of Expression,4.75,0.5
Conciseness of Expression,4.75,0.5
Conciseness of Expression,5.0,0.0
Conciseness of Expression,4.75,0.5
Conciseness of Expression,5.5,0.0
Conciseness of Expression,4.25,0.5
Conciseness of Expression,4.25,0.5
Conciseness of Expression,4.75,-0.5
Conciseness of Expression,5.0,0.0
Conciseness of Expression,5.25,0.5
Conciseness of Expression,5.0,0.0
Conciseness of Expression,5.75,0.5
Conciseness of Expression,4.25,0.5
Conciseness of Expression,5.5,0.0
Conciseness of Expression,4.25,0.5
Conciseness of Expression,4.25,0.5
Conciseness of Expression,5.5,0.0
Conciseness of Expression,4.75,0.5
Conciseness of Expression,5.25,-0.5
Conciseness of Expression,4.25,0.5
Conciseness of Expression,4.75,-0.5
Conciseness of Expression,4.75,0.5
Conciseness of Expression,4.25,0.5
Conciseness of Expression,6.5,0.0
Conciseness of Expression,4.25,0.5
Conciseness of Expression,5.75,-0.5
Conciseness of Expression,7.25,0.5
Conciseness of Expression,7.0,0.0
Conciseness of Expression,4.5,1.0
Conciseness of Expression,4.25,0.5
Conciseness of Expression,4.75,0.5
Conciseness of Expression,4.25,0.5
Conciseness of Expression,4.25,0.5
Conciseness of Expression,5.25,-0.5
Conciseness of Expression,6.75,-0.5
Conciseness of Expression,4.75,0.5
Conciseness of Expression,4.75,0.5
Conciseness of Expression,4.5,1.0
Conciseness of Expression,4.5,0.0
Conciseness of Expression,4.75,0.5
Conciseness of Expression,4.75,0.5
Conciseness of Expression,4.75,-0.5
Conciseness of Expression,4.5,0.0
Conciseness of Expression,7.5,-1.0
Conciseness of Expression,4.5,1.0
Conciseness of Expression,5.25,-0.5
Conciseness of Expression,4.25,0.5
Conciseness of Expression,5.5,0.0
Conciseness of Expression,5.0,0.0
Conciseness of Expression,4.25,0.5
Conciseness of Expression,4.75,0.5
Conciseness of Expression,4.75,0.5
Conciseness of Expression,4.75,0.5
Conciseness of Expression,5.0,0.0
Conciseness of Expression,7.25,-0.5
Conciseness of Expression,4.25,0.5
Conciseness of Expression,5.5,-1.0
Conciseness of Expression,4.75,0.5
Conciseness of Expression,7.25,-0.5
Conciseness of Expression,6.25,0.5
Conciseness of Expression,4.75,-0.5
Conciseness of Expression,4.75,-0.5
Conciseness of Expression,6.0,0.0
Conciseness of Expression,4.75,-0.5
Conciseness of Expression,4.25,0.5
Conciseness of Expression,4.75,0.5
Conciseness of Expression,5.25,-0.5
Conciseness of Expression,4.75,0.5
Conciseness of Expression,4.25,0.5
Conciseness of Expression,4.75,0.5
Conciseness of Expression,5.25,0.5
Conciseness of Expression,4.75,0.5
Conciseness of Expression,5.25,-0.5
Conciseness of Expression,5.0,0.0
Conciseness of Expression,4.5,0.0
Conciseness of Expression,4.75,-0.5
Conciseness of Expression,4.25,0.5
Conciseness of Expression,4.25,0.5
Conciseness of Expression,4.25,0.5
Conciseness of Expression,4.75,0.5
Conciseness of Expression,4.75,-0.5
Conciseness of Expression,7.25,-0.5
Conciseness of Expression,5.0,0.0
Conciseness of Expression,4.75,0.5
Conciseness of Expression,4.75,-0.5
Conciseness of Expression,4.25,0.5
Conciseness of Expression,4.75,0.5
Conciseness of Expression,4.25,0.5
Conciseness of Expression,5.25,-0.5
Conciseness of Expression,6.75,-0.5
Conciseness of Expression,4.5,1.0
Conciseness of Expression,4.5,1.0
Conciseness of Expression,4.75,0.5
Conciseness of Expression,4.5,1.0
Conciseness of Expression,4.25,0.5
Conciseness of Expression,5.5,0.0
Conciseness of Expression,4.5,0.0
Conciseness of Expression,4.75,0.09999999999999964
Conciseness of Expression,4.25,0.5
Conciseness of Expression,5.0,0.0
Conciseness of Expression,4.9,-0.20000000000000018
Conciseness of Expression,5.25,0.5
Conciseness of Expression,6.75,-0.5
Conciseness of Expression,4.75,0.5
Conciseness of Expression,4.5,0.0
Conciseness of Expression,4.75,0.5
Conciseness of Expression,4.75,0.5
Conciseness of Expression,5.0,0.0
Conciseness of Expression,5.25,-0.5
Conciseness of Expression,5.0,0.0
Conciseness of Expression,7.75,-0.5
Conciseness of Expression,5.25,-0.5
Conciseness of Expression,6.75,-0.5
Conciseness of Expression,4.75,-0.5
Conciseness of Expression,4.25,0.5
Conciseness of Expression,4.75,0.5
Conciseness of Expression,5.75,-0.5
Conciseness of Expression,7.25,-0.5
Conciseness of Expression,6.25,-0.5
Conciseness of Expression,5.0,0.0
Conciseness of Expression,5.0,0.0
Conciseness of Expression,4.5,1.0
Conciseness of Expression,5.0,0.0
Conciseness of Expression,6.0,0.0
Conciseness of Expression,5.0,0.0
Conciseness of Expression,4.5,1.0
Conciseness of Expression,5.25,0.5
Conciseness of Expression,5.25,-0.5
Conciseness of Expression,4.75,0.5
Conciseness of Expression,4.75,0.5
Conciseness of Expression,4.25,0.5
Conciseness of Expression,7.0,-1.0
Conciseness of Expression,4.5,0.0
Conciseness of Expression,5.5,-1.0
Conciseness of Expression,4.5,0.0
Conciseness of Expression,6.75,-0.5
Conciseness of Expression,5.0,0.0
Conciseness of Expression,4.5,0.0
Conciseness of Expression,4.75,0.5
Conciseness of Expression,6.5,0.0
Conciseness of Expression,4.75,-0.5
Conciseness of Expression,4.25,0.5
Conciseness of Expression,5.25,-0.5
Conciseness of Expression,5.25,-0.5
Conciseness of Expression,5.25,-0.5
Conciseness of Expression,4.25,0.5
Conciseness of Expression,4.25,0.5
Conciseness of Expression,5.0,0.0
Conciseness of Expression,7.5,0.0
Conciseness of Expression,5.0,0.0
Conciseness of Expression,4.25,0.5
Conciseness of Expression,5.0,0.0
Conciseness of Expression,5.0,-1.0
Conciseness of Expression,4.75,-0.5
Conciseness of Expression,5.0,0.0
Conciseness of Expression,4.25,0.5
Conciseness of Expression,4.25,0.5
Conciseness of Expression,4.75,0.5
Conciseness of Expression,5.5,-1.0
Conciseness of Expression,6.75,0.5
Conciseness of Expression,4.25,0.5
Conciseness of Expression,4.75,0.5
Conciseness of Expression,7.5,-1.0
Conciseness of Expression,4.25,0.5
Conciseness of Expression,6.25,-0.5
Conciseness of Expression,6.75,-0.5
Conciseness of Expression,6.25,-0.5
Conciseness of Expression,8.0,-1.0
Conciseness of Expression,7.25,-0.5
Conciseness of Expression,4.5,1.0
Conciseness of Expression,4.75,0.5
Conciseness of Expression,4.75,0.5
Conciseness of Expression,4.75,-0.5
Conciseness of Expression,5.0,0.0
Conciseness of Expression,5.75,-0.5
Conciseness of Expression,5.0,0.0
Conciseness of Expression,4.75,-0.5
Conciseness of Expression,4.75,-0.5
Conciseness of Expression,6.25,-0.5
Conciseness of Expression,4.75,0.5
Conciseness of Expression,5.0,0.0
Conciseness of Expression,4.75,0.5
Conciseness of Expression,5.0,0.0
Conciseness of Expression,4.5,-1.0
Conciseness of Expression,4.25,0.5
Conciseness of Expression,6.25,-0.5
Conciseness of Expression,4.75,0.5
Conciseness of Expression,4.25,0.5
Conciseness of Expression,7.75,-0.5
Conciseness of Expression,6.25,-0.5
Conciseness of Expression,4.25,0.5
Conciseness of Expression,4.75,0.5
Conciseness of Expression,7.75,-1.5
Conciseness of Expression,7.25,0.5
Conciseness of Expression,4.25,0.5
Conciseness of Expression,4.25,0.5
Conciseness of Expression,5.75,-0.5
Conciseness of Expression,4.25,0.5
Conciseness of Expression,4.75,0.5
Conciseness of Expression,4.5,1.0
Conciseness of Expression,5.75,-0.5
Conciseness of Expression,4.75,-0.5
Conciseness of Expression,4.75,0.5
Conciseness of Expression,4.75,-0.5
Conciseness of Expression,4.25,0.5
Conciseness of Expression,4.5,1.0
Practical Application Potential of Research Results,7.25,0.5
Practical Application Potential of Research Results,8.0,0.0
Practical Application Potential of Research Results,8.0,0.0
Practical Application Potential of Research Results,7.6,0.0
Practical Application Potential of Research Results,8.0,1.0
Practical Application Potential of Research Results,7.75,0.3000000000000007
Practical Application Potential of Research Results,7.5,1.0
Practical Application Potential of Research Results,7.75,0.5
Practical Application Potential of Research Results,7.75,0.5
Practical Application Potential of Research Results,7.25,0.5
Practical Application Potential of Research Results,7.75,-0.5
Practical Application Potential of Research Results,7.5,1.0
Practical Application Potential of Research Results,8.25,-0.5
Practical Application Potential of Research Results,7.25,0.5
Practical Application Potential of Research Results,8.5,-1.0
Practical Application Potential of Research Results,8.0,0.0
Practical Application Potential of Research Results,7.25,0.5
Practical Application Potential of Research Results,8.0,0.0
Practical Application Potential of Research Results,8.0,0.0
Practical Application Potential of Research Results,7.25,-0.5
Practical Application Potential of Research Results,7.5,0.0
Practical Application Potential of Research Results,7.25,0.5
Practical Application Potential of Research Results,8.0,-1.0
Practical Application Potential of Research Results,7.75,-0.5
Practical Application Potential of Research Results,7.25,0.5
Practical Application Potential of Research Results,7.5,1.0
Practical Application Potential of Research Results,7.5,1.0
Practical Application Potential of Research Results,7.75,0.5
Practical Application Potential of Research Results,8.0,-1.0
Practical Application Potential of Research Results,7.0,1.0
Practical Application Potential of Research Results,7.5,1.0
Practical Application Potential of Research Results,6.5,0.0
Practical Application Potential of Research Results,7.75,-0.5
Practical Application Potential of Research Results,7.75,0.5
Practical Application Potential of Research Results,7.5,1.0
Practical Application Potential of Research Results,7.5,1.0
Practical Application Potential of Research Results,8.0,0.0
Practical Application Potential of Research Results,8.0,0.0
Practical Application Potential of Research Results,7.75,-0.5
Practical Application Potential of Research Results,7.75,0.5
Practical Application Potential of Research Results,7.75,-0.5
Practical Application Potential of Research Results,8.0,0.0
Practical Application Potential of Research Results,8.25,-0.5
Practical Application Potential of Research Results,7.25,0.5
Practical Application Potential of Research Results,7.75,-0.5
Practical Application Potential of Research Results,7.75,0.5
Practical Application Potential of Research Results,7.5,1.0
Practical Application Potential of Research Results,6.5,0.0
Practical Application Potential of Research Results,7.5,1.0
Practical Application Potential of Research Results,8.0,0.0
Practical Application Potential of Research Results,7.75,-0.5
Practical Application Potential of Research Results,7.5,0.0
Practical Application Potential of Research Results,7.5,1.0
Practical Application Potential of Research Results,7.25,0.5
Practical Application Potential of Research Results,7.5,0.0
Practical Application Potential of Research Results,8.0,-1.0
Practical Application Potential of Research Results,7.75,0.5
Practical Application Potential of Research Results,7.75,0.5
Practical Application Potential of Research Results,7.75,-0.5
Practical Application Potential of Research Results,7.75,-0.5
Practical Application Potential of Research Results,7.25,0.5
Practical Application Potential of Research Results,7.75,0.5
Practical Application Potential of Research Results,7.25,0.5
Practical Application Potential of Research Results,8.0,-1.0
Practical Application Potential of Research Results,7.5,0.0
Practical Application Potential of Research Results,7.5,1.0
Practical Application Potential of Research Results,8.0,-1.0
Practical Application Potential of Research Results,7.5,0.0
Practical Application Potential of Research Results,7.75,0.5
Practical Application Potential of Research Results,8.0,1.0
Practical Application Potential of Research Results,8.25,-0.5
Practical Application Potential of Research Results,7.75,0.5
Practical Application Potential of Research Results,8.25,-0.5
Practical Application Potential of Research Results,8.0,0.0
Practical Application Potential of Research Results,7.5,0.0
Practical Application Potential of Research Results,7.75,-0.5
Practical Application Potential of Research Results,7.5,0.0
Practical Application Potential of Research Results,7.0,1.0
Practical Application Potential of Research Results,7.75,0.5
Practical Application Potential of Research Results,7.5,1.0
Practical Application Potential of Research Results,7.25,1.5
Practical Application Potential of Research Results,8.25,-0.5
Practical Application Potential of Research Results,8.0,0.0
Practical Application Potential of Research Results,7.5,0.0
Practical Application Potential of Research Results,7.5,1.0
Practical Application Potential of Research Results,7.5,1.0
Practical Application Potential of Research Results,7.25,0.5
Practical Application Potential of Research Results,7.75,0.5
Practical Application Potential of Research Results,8.0,0.0
Practical Application Potential of Research Results,7.0,0.0
Practical Application Potential of Research Results,7.75,0.5
Practical Application Potential of Research Results,7.5,1.0
Practical Application Potential of Research Results,8.0,0.0
Practical Application Potential of Research Results,8.0,-1.0
Practical Application Potential of Research Results,7.75,-0.5
Practical Application Potential of Research Results,7.75,0.5
Practical Application Potential of Research Results,7.75,-0.5
Practical Application Potential of Research Results,8.0,-1.0
Practical Application Potential of Research Results,7.6,0.39999999999999947
Practical Application Potential of Research Results,7.5,0.0
Practical Application Potential of Research Results,7.5,-1.0
Practical Application Potential of Research Results,8.0,-1.0
Practical Application Potential of Research Results,7.5,1.0
Practical Application Potential of Research Results,7.75,0.5
Practical Application Potential of Research Results,7.75,-0.5
Practical Application Potential of Research Results,7.75,0.5
Practical Application Potential of Research Results,7.75,0.5
Practical Application Potential of Research Results,7.25,0.5
Practical Application Potential of Research Results,7.75,-0.5
Practical Application Potential of Research Results,7.75,-0.5
Practical Application Potential of Research Results,7.85,0.10000000000000053
Practical Application Potential of Research Results,7.5,1.0
Practical Application Potential of Research Results,8.0,0.0
Practical Application Potential of Research Results,7.5,0.0
Practical Application Potential of Research Results,8.25,-0.5
Practical Application Potential of Research Results,7.75,-0.5
Practical Application Potential of Research Results,8.0,-1.0
Practical Application Potential of Research Results,7.25,0.5
Practical Application Potential of Research Results,7.25,-0.5
Practical Application Potential of Research Results,7.6,0.39999999999999947
Practical Application Potential of Research Results,7.75,0.5
Practical Application Potential of Research Results,8.0,-1.0
Practical Application Potential of Research Results,8.0,0.0
Practical Application Potential of Research Results,7.25,0.5
Practical Application Potential of Research Results,7.8999999999999995,-0.5999999999999996
Practical Application Potential of Research Results,8.0,0.0
Practical Application Potential of Research Results,8.0,0.0
Practical Application Potential of Research Results,7.75,0.5
Practical Application Potential of Research Results,7.75,0.5
Practical Application Potential of Research Results,7.75,0.5
Practical Application Potential of Research Results,8.5,-1.0
Practical Application Potential of Research Results,7.25,0.5
Practical Application Potential of Research Results,7.75,-0.5
Practical Application Potential of Research Results,7.0,1.0
Practical Application Potential of Research Results,7.5,1.0
Practical Application Potential of Research Results,7.75,0.5
Practical Application Potential of Research Results,7.25,0.5
Practical Application Potential of Research Results,7.75,0.5
Practical Application Potential of Research Results,7.25,0.5
Practical Application Potential of Research Results,8.0,0.0
Practical Application Potential of Research Results,8.0,-1.0
Practical Application Potential of Research Results,7.5,0.0
Practical Application Potential of Research Results,7.25,0.5
Practical Application Potential of Research Results,7.75,0.5
Practical Application Potential of Research Results,8.0,-1.0
Practical Application Potential of Research Results,7.25,0.5
Practical Application Potential of Research Results,8.75,-0.5
Practical Application Potential of Research Results,7.25,0.5
Practical Application Potential of Research Results,8.1,-0.1999999999999993
Practical Application Potential of Research Results,7.25,0.5
Practical Application Potential of Research Results,7.75,-0.5
Practical Application Potential of Research Results,8.25,-0.5
Practical Application Potential of Research Results,7.75,0.5
Practical Application Potential of Research Results,7.5,1.0
Practical Application Potential of Research Results,8.0,-1.0
Practical Application Potential of Research Results,7.75,-0.5
Practical Application Potential of Research Results,7.75,-0.5
Practical Application Potential of Research Results,7.75,-0.5
Practical Application Potential of Research Results,8.25,-0.5
Practical Application Potential of Research Results,8.0,-1.0
Practical Application Potential of Research Results,7.75,0.5
Practical Application Potential of Research Results,7.75,-0.5
Practical Application Potential of Research Results,7.0,1.0
Practical Application Potential of Research Results,7.75,-0.5
Practical Application Potential of Research Results,8.0,0.0
Practical Application Potential of Research Results,7.25,0.5
Practical Application Potential of Research Results,7.75,-0.5
Practical Application Potential of Research Results,8.5,-1.0
Practical Application Potential of Research Results,7.75,0.5
Practical Application Potential of Research Results,7.5,0.0
Practical Application Potential of Research Results,7.75,0.5
Practical Application Potential of Research Results,7.75,-0.5
Practical Application Potential of Research Results,7.25,0.5
Practical Application Potential of Research Results,7.0,1.0
Practical Application Potential of Research Results,7.75,0.5
Practical Application Potential of Research Results,7.25,0.5
Practical Application Potential of Research Results,7.75,-0.5
Practical Application Potential of Research Results,8.25,-0.5
Practical Application Potential of Research Results,7.5,0.0
Practical Application Potential of Research Results,8.0,-1.0
Practical Application Potential of Research Results,7.75,0.5
Practical Application Potential of Research Results,7.75,0.5
Practical Application Potential of Research Results,7.75,-0.5
Practical Application Potential of Research Results,7.75,0.5
Practical Application Potential of Research Results,8.0,-1.0
Practical Application Potential of Research Results,7.5,1.0
Practical Application Potential of Research Results,7.25,1.5
Practical Application Potential of Research Results,7.75,-0.5
Practical Application Potential of Research Results,7.5,0.0
Practical Application Potential of Research Results,8.25,-0.5
Practical Application Potential of Research Results,7.5,1.0
Practical Application Potential of Research Results,7.0,1.0
Practical Application Potential of Research Results,7.0,1.0
Practical Application Potential of Research Results,7.75,-0.5
Practical Application Potential of Research Results,7.75,0.5
Practical Application Potential of Research Results,7.25,0.5
Practical Application Potential of Research Results,8.0,0.0
Practical Application Potential of Research Results,8.0,0.0
Practical Application Potential of Research Results,8.25,-0.10000000000000142
Practical Application Potential of Research Results,7.5,1.0
Practical Application Potential of Research Results,7.5,1.0
Practical Application Potential of Research Results,7.25,0.5
Practical Application Potential of Research Results,7.75,-0.5
Practical Application Potential of Research Results,8.0,0.0
Practical Application Potential of Research Results,7.0,1.0
Practical Application Potential of Research Results,7.25,0.5
Practical Application Potential of Research Results,7.75,0.5
Practical Application Potential of Research Results,7.75,-0.5
Practical Application Potential of Research Results,7.5,1.0
Practical Application Potential of Research Results,7.25,0.5
Practical Application Potential of Research Results,7.5,1.0
Practical Application Potential of Research Results,7.0,1.0
Practical Application Potential of Research Results,7.5,1.0
Practical Application Potential of Research Results,7.75,0.5
Practical Application Potential of Research Results,7.75,0.5
Practical Application Potential of Research Results,7.75,0.5
Practical Application Potential of Research Results,8.0,1.0
Practical Application Potential of Research Results,8.0,0.0
Practical Application Potential of Research Results,8.25,-0.5
Practical Application Potential of Research Results,7.25,0.5
Practical Application Potential of Research Results,7.75,0.5
Practical Application Potential of Research Results,7.25,0.5
Practical Application Potential of Research Results,7.0,1.0
Practical Application Potential of Research Results,7.5,0.0
Practical Application Potential of Research Results,7.75,0.5
Practical Application Potential of Research Results,7.75,0.5
Practical Application Potential of Research Results,8.0,-1.0
Practical Application Potential of Research Results,7.75,0.5
Practical Application Potential of Research Results,7.25,0.5
Practical Application Potential of Research Results,7.5,0.0
Practical Application Potential of Research Results,7.0,-1.0
Practical Application Potential of Research Results,8.0,0.0
Practical Application Potential of Research Results,7.5,0.0
Practical Application Potential of Research Results,7.5,1.0
Practical Application Potential of Research Results,7.25,0.5
Practical Application Potential of Research Results,7.75,-0.5
Practical Application Potential of Research Results,7.25,0.5
Practical Application Potential of Research Results,7.25,1.5
Practical Application Potential of Research Results,,
Practical Application Potential of Research Results,7.25,0.5
Practical Application Potential of Research Results,7.25,0.5
Practical Application Potential of Research Results,7.75,-0.5
Practical Application Potential of Research Results,8.25,-0.5
Practical Application Potential of Research Results,7.5,1.0
Practical Application Potential of Research Results,7.75,0.5
Practical Application Potential of Research Results,9.0,-1.0
Practical Application Potential of Research Results,7.75,0.5
Practical Application Potential of Research Results,7.75,-0.5
Practical Application Potential of Research Results,7.5,1.0
Practical Application Potential of Research Results,8.0,0.0
Practical Application Potential of Research Results,8.0,0.0
Practical Application Potential of Research Results,8.0,0.0
Practical Application Potential of Research Results,7.5,0.0
Practical Application Potential of Research Results,8.0,0.0
Practical Application Potential of Research Results,8.0,-1.0
Practical Application Potential of Research Results,8.0,0.0
Practical Application Potential of Research Results,7.75,-0.5
Practical Application Potential of Research Results,8.0,0.0
Practical Application Potential of Research Results,7.75,0.5
Practical Application Potential of Research Results,8.0,-1.0
Practical Application Potential of Research Results,8.0,0.0
Practical Application Potential of Research Results,7.75,0.5
Practical Application Potential of Research Results,7.5,1.0
Practical Application Potential of Research Results,8.25,-0.5
Practical Application Potential of Research Results,8.25,-0.5
Practical Application Potential of Research Results,7.75,-0.5
Practical Application Potential of Research Results,7.75,-0.5
Practical Application Potential of Research Results,7.75,-0.5
Practical Application Potential of Research Results,8.25,0.5
Practical Application Potential of Research Results,7.5,1.0
Practical Application Potential of Research Results,8.0,-1.0
Practical Application Potential of Research Results,7.5,0.0
Practical Application Potential of Research Results,7.5,1.0
Practical Application Potential of Research Results,8.0,0.0
Practical Application Potential of Research Results,7.5,0.0
Practical Application Potential of Research Results,7.75,-0.5
Practical Application Potential of Research Results,7.75,-0.5
Practical Application Potential of Research Results,8.25,-0.5
Practical Application Potential of Research Results,8.25,-0.5
Practical Application Potential of Research Results,7.25,0.5
Practical Application Potential of Research Results,8.25,-0.5
Practical Application Potential of Research Results,7.5,1.0
Practical Application Potential of Research Results,8.0,-1.0
Practical Application Potential of Research Results,7.75,-0.5
Practical Application Potential of Research Results,7.25,0.5
Practical Application Potential of Research Results,7.25,0.5
Practical Application Potential of Research Results,7.5,1.0
Practical Application Potential of Research Results,8.0,0.0
Practical Application Potential of Research Results,8.25,-0.5
Practical Application Potential of Research Results,7.75,-0.5
Practical Application Potential of Research Results,7.5,1.0
Practical Application Potential of Research Results,7.75,0.5
Practical Application Potential of Research Results,7.25,0.5
Practical Application Potential of Research Results,8.0,0.0
Practical Application Potential of Research Results,7.75,-0.5
Practical Application Potential of Research Results,7.0,1.0
Practical Application Potential of Research Results,8.0,1.0
Practical Application Potential of Research Results,7.75,0.5
Practical Application Potential of Research Results,7.55,0.5
Practical Application Potential of Research Results,7.75,0.5
Practical Application Potential of Research Results,7.25,0.5
Practical Application Potential of Research Results,7.5,-1.0
Practical Application Potential of Research Results,7.5,1.0
Practical Application Potential of Research Results,8.0,-1.0
Practical Application Potential of Research Results,8.25,-0.5
Practical Application Potential of Research Results,7.25,0.5
Practical Application Potential of Research Results,7.75,-0.5
Practical Application Potential of Research Results,7.25,0.5
Practical Application Potential of Research Results,7.75,0.5
Practical Application Potential of Research Results,8.25,-0.5
Practical Application Potential of Research Results,8.5,0.0
Practical Application Potential of Research Results,7.75,-0.5
Practical Application Potential of Research Results,8.0,0.0
Practical Application Potential of Research Results,7.75,-0.5
Practical Application Potential of Research Results,7.0,1.0
Practical Application Potential of Research Results,7.75,0.5
Practical Application Potential of Research Results,8.0,0.0
Practical Application Potential of Research Results,7.5,0.0
Practical Application Potential of Research Results,7.5,0.0
Practical Application Potential of Research Results,8.0,0.0
Practical Application Potential of Research Results,8.0,0.0
Practical Application Potential of Research Results,7.75,0.5
Practical Application Potential of Research Results,7.25,0.5
Practical Application Potential of Research Results,8.0,-1.0
Practical Application Potential of Research Results,7.75,0.5
Practical Application Potential of Research Results,7.75,0.5
Practical Application Potential of Research Results,7.0,0.0
Practical Application Potential of Research Results,8.0,0.0
Practical Application Potential of Research Results,7.5,0.0
Practical Application Potential of Research Results,8.5,0.0
Practical Application Potential of Research Results,8.25,-0.5
Practical Application Potential of Research Results,7.5,1.0
Practical Application Potential of Research Results,7.5,0.0
Practical Application Potential of Research Results,7.75,-0.5
Practical Application Potential of Research Results,8.0,0.0
Practical Application Potential of Research Results,7.5,1.0
Practical Application Potential of Research Results,7.75,0.5
Practical Application Potential of Research Results,7.25,1.5
Practical Application Potential of Research Results,8.25,-0.5
Practical Application Potential of Research Results,7.75,0.5
Practical Application Potential of Research Results,7.25,0.5
Practical Application Potential of Research Results,7.75,0.5
Practical Application Potential of Research Results,7.75,-0.5
Practical Application Potential of Research Results,7.25,0.5
Practical Application Potential of Research Results,7.5,1.0
Practical Application Potential of Research Results,7.75,-0.5
Practical Application Potential of Research Results,7.75,-0.5
Practical Application Potential of Research Results,7.75,0.5
Practical Application Potential of Research Results,7.5,0.0
Practical Application Potential of Research Results,7.25,0.5
Practical Application Potential of Research Results,7.75,0.5
Practical Application Potential of Research Results,7.75,-0.5
Practical Application Potential of Research Results,8.0,0.0
Practical Application Potential of Research Results,8.25,-0.5
Practical Application Potential of Research Results,8.0,0.0
Practical Application Potential of Research Results,7.25,0.5
Practical Application Potential of Research Results,8.0,-1.0
Practical Application Potential of Research Results,7.5,0.0
Practical Application Potential of Research Results,7.25,0.5
Practical Application Potential of Research Results,7.0,1.0
Practical Application Potential of Research Results,8.0,0.0
Practical Application Potential of Research Results,7.75,0.5
Practical Application Potential of Research Results,7.75,-0.5
Practical Application Potential of Research Results,7.0,1.0
Practical Application Potential of Research Results,7.75,-0.5
Practical Application Potential of Research Results,7.25,0.5
Practical Application Potential of Research Results,7.25,0.5
Practical Application Potential of Research Results,8.0,0.0
Practical Application Potential of Research Results,7.0,1.0
Practical Application Potential of Research Results,7.75,-0.5
Practical Application Potential of Research Results,7.75,0.5
Practical Application Potential of Research Results,7.75,0.5
Practical Application Potential of Research Results,7.5,1.0
Practical Application Potential of Research Results,7.5,1.0
Practical Application Potential of Research Results,7.75,0.5
Practical Application Potential of Research Results,7.25,0.5
Practical Application Potential of Research Results,7.5,1.0
Practical Application Potential of Research Results,7.75,-0.5
Practical Application Potential of Research Results,8.25,-0.5
Practical Application Potential of Research Results,7.5,1.0
Practical Application Potential of Research Results,7.75,0.5
Practical Application Potential of Research Results,7.5,1.0
Practical Application Potential of Research Results,7.5,0.0
Practical Application Potential of Research Results,7.5,1.0
Practical Application Potential of Research Results,7.75,0.5
Practical Application Potential of Research Results,7.75,-0.5
Practical Application Potential of Research Results,7.25,0.5
Practical Application Potential of Research Results,8.0,-1.0
Practical Application Potential of Research Results,7.5,1.0
Practical Application Potential of Research Results,8.25,-0.5
Practical Application Potential of Research Results,7.25,0.5
Practical Application Potential of Research Results,7.5,0.0
Practical Application Potential of Research Results,8.0,0.0
Practical Application Potential of Research Results,7.75,0.5
Practical Application Potential of Research Results,7.5,1.0
Practical Application Potential of Research Results,7.5,1.0
Practical Application Potential of Research Results,7.75,0.5
Practical Application Potential of Research Results,8.0,0.0
Practical Application Potential of Research Results,8.0,-1.0
Practical Application Potential of Research Results,7.25,0.5
Practical Application Potential of Research Results,8.25,-0.5
Practical Application Potential of Research Results,8.0,-1.0
Practical Application Potential of Research Results,7.75,-0.5
Practical Application Potential of Research Results,7.25,0.5
Practical Application Potential of Research Results,7.75,-0.5
Practical Application Potential of Research Results,7.75,-0.5
Practical Application Potential of Research Results,7.5,0.0
Practical Application Potential of Research Results,7.75,-0.5
Practical Application Potential of Research Results,7.75,0.5
Practical Application Potential of Research Results,7.25,0.5
Practical Application Potential of Research Results,7.75,-0.5
Practical Application Potential of Research Results,8.0,-1.0
Practical Application Potential of Research Results,7.25,0.5
Practical Application Potential of Research Results,7.75,0.5
Practical Application Potential of Research Results,7.75,0.5
Practical Application Potential of Research Results,7.5,1.0
Practical Application Potential of Research Results,8.25,-0.5
Practical Application Potential of Research Results,8.0,0.0
Practical Application Potential of Research Results,8.0,0.0
Practical Application Potential of Research Results,8.0,-1.0
Practical Application Potential of Research Results,7.75,0.5
Practical Application Potential of Research Results,7.25,0.5
Practical Application Potential of Research Results,7.25,0.5
Practical Application Potential of Research Results,7.75,0.5
Practical Application Potential of Research Results,7.75,-0.5
Practical Application Potential of Research Results,7.75,-0.5
Practical Application Potential of Research Results,8.0,0.0
Practical Application Potential of Research Results,7.5,1.0
Practical Application Potential of Research Results,8.0,-1.0
Practical Application Potential of Research Results,7.5,1.0
Practical Application Potential of Research Results,7.25,0.5
Practical Application Potential of Research Results,7.25,0.5
Practical Application Potential of Research Results,7.75,-0.5
Practical Application Potential of Research Results,7.75,-0.5
Practical Application Potential of Research Results,7.5,1.0
Practical Application Potential of Research Results,7.5,1.0
Practical Application Potential of Research Results,7.25,0.5
Practical Application Potential of Research Results,7.5,1.0
Practical Application Potential of Research Results,7.5,1.0
Practical Application Potential of Research Results,7.5,0.0
Practical Application Potential of Research Results,7.5,0.0
Practical Application Potential of Research Results,7.85,0.10000000000000053
Practical Application Potential of Research Results,7.25,0.5
Practical Application Potential of Research Results,7.5,0.0
Practical Application Potential of Research Results,7.8,-0.40000000000000036
Practical Application Potential of Research Results,7.5,1.0
Practical Application Potential of Research Results,7.75,-0.5
Practical Application Potential of Research Results,8.0,-1.0
Practical Application Potential of Research Results,7.5,0.0
Practical Application Potential of Research Results,7.5,1.0
Practical Application Potential of Research Results,7.5,1.0
Practical Application Potential of Research Results,7.5,0.0
Practical Application Potential of Research Results,7.75,-0.5
Practical Application Potential of Research Results,7.25,0.5
Practical Application Potential of Research Results,7.75,-0.5
Practical Application Potential of Research Results,7.75,-0.5
Practical Application Potential of Research Results,7.75,-0.5
Practical Application Potential of Research Results,8.25,-0.5
Practical Application Potential of Research Results,7.75,0.5
Practical Application Potential of Research Results,7.5,1.0
Practical Application Potential of Research Results,7.75,-0.5
Practical Application Potential of Research Results,7.75,-0.5
Practical Application Potential of Research Results,7.75,-0.5
Practical Application Potential of Research Results,8.0,0.0
Practical Application Potential of Research Results,8.0,0.0
Practical Application Potential of Research Results,7.5,1.0
Practical Application Potential of Research Results,8.0,0.0
Practical Application Potential of Research Results,7.25,0.5
Practical Application Potential of Research Results,8.0,0.0
Practical Application Potential of Research Results,7.5,1.0
Practical Application Potential of Research Results,7.25,0.5
Practical Application Potential of Research Results,8.25,-0.5
Practical Application Potential of Research Results,7.75,0.5
Practical Application Potential of Research Results,7.5,1.0
Practical Application Potential of Research Results,7.5,1.0
Practical Application Potential of Research Results,8.0,-1.0
Practical Application Potential of Research Results,7.5,0.0
Practical Application Potential of Research Results,6.5,-1.0
Practical Application Potential of Research Results,7.75,0.5
Practical Application Potential of Research Results,7.75,-0.5
Practical Application Potential of Research Results,7.5,0.0
Practical Application Potential of Research Results,7.5,0.0
Practical Application Potential of Research Results,7.5,1.0
Practical Application Potential of Research Results,7.5,0.0
Practical Application Potential of Research Results,8.0,-1.0
Practical Application Potential of Research Results,7.25,0.5
Practical Application Potential of Research Results,7.75,-0.5
Practical Application Potential of Research Results,7.75,-0.5
Practical Application Potential of Research Results,7.75,-0.5
Practical Application Potential of Research Results,7.25,0.5
Practical Application Potential of Research Results,7.75,0.5
Practical Application Potential of Research Results,8.0,0.0
Practical Application Potential of Research Results,7.5,0.0
Practical Application Potential of Research Results,7.75,-0.5
Practical Application Potential of Research Results,7.25,0.5
Practical Application Potential of Research Results,8.0,0.0
Practical Application Potential of Research Results,8.0,-1.0
Practical Application Potential of Research Results,7.75,0.5
Practical Application Potential of Research Results,8.0,0.0
Practical Application Potential of Research Results,7.25,0.5
Practical Application Potential of Research Results,7.75,0.5
Practical Application Potential of Research Results,7.5,0.0
Practical Application Potential of Research Results,8.5,-1.0
Practical Application Potential of Research Results,7.75,-0.5
Practical Application Potential of Research Results,7.5,1.0
Practical Application Potential of Research Results,7.5,1.0
Practical Application Potential of Research Results,8.0,-1.0
Practical Application Potential of Research Results,7.5,1.0
Practical Application Potential of Research Results,7.75,-0.5
Practical Application Potential of Research Results,7.75,-0.5
Practical Application Potential of Research Results,7.75,-0.5
Practical Application Potential of Research Results,8.0,-1.0
Practical Application Potential of Research Results,7.75,-0.5
Practical Application Potential of Research Results,7.25,-0.5
Practical Application Potential of Research Results,7.75,0.5
Practical Application Potential of Research Results,7.75,0.5
Practical Application Potential of Research Results,7.75,-0.5
Practical Application Potential of Research Results,8.0,0.0
Practical Application Potential of Research Results,8.25,-0.5
Practical Application Potential of Research Results,7.5,0.0
Practical Application Potential of Research Results,7.75,-0.5
Practical Application Potential of Research Results,7.75,-0.5
Practical Application Potential of Research Results,7.75,-0.5
Practical Application Potential of Research Results,7.25,0.5
Practical Application Potential of Research Results,7.5,0.0
Practical Application Potential of Research Results,7.5,1.0
Practical Application Potential of Research Results,7.5,0.0
Practical Application Potential of Research Results,7.75,-0.5
Practical Application Potential of Research Results,7.25,0.5
Practical Application Potential of Research Results,7.25,0.5
Practical Application Potential of Research Results,7.75,0.5
Practical Application Potential of Research Results,7.25,0.5
Practical Application Potential of Research Results,7.75,-1.5
Practical Application Potential of Research Results,7.75,-0.5
Practical Application Potential of Research Results,7.0,1.0
Practical Application Potential of Research Results,7.25,0.5
Practical Application Potential of Research Results,8.0,-1.0
Practical Application Potential of Research Results,8.0,-1.0
Practical Application Potential of Research Results,7.0,1.0
Practical Application Potential of Research Results,7.75,0.5
Practical Application Potential of Research Results,7.75,-0.5
Practical Application Potential of Research Results,7.75,0.5
Practical Application Potential of Research Results,7.3,0.5999999999999996
Practical Application Potential of Research Results,8.0,-1.0
Practical Application Potential of Research Results,8.0,-1.0
Practical Application Potential of Research Results,7.75,-0.5
Practical Application Potential of Research Results,7.75,0.5
Practical Application Potential of Research Results,7.75,-0.5
Practical Application Potential of Research Results,7.25,0.5
Practical Application Potential of Research Results,7.5,1.0
Feasibility of Proposed Suggestions,6.25,0.5
Feasibility of Proposed Suggestions,7.0,0.0
Feasibility of Proposed Suggestions,7.0,0.0
Feasibility of Proposed Suggestions,7.2,0.0
Feasibility of Proposed Suggestions,7.0,1.0
Feasibility of Proposed Suggestions,6.85,0.2999999999999998
Feasibility of Proposed Suggestions,6.5,1.0
Feasibility of Proposed Suggestions,7.25,0.5
Feasibility of Proposed Suggestions,6.75,0.5
Feasibility of Proposed Suggestions,6.75,0.5
Feasibility of Proposed Suggestions,7.0,-1.0
Feasibility of Proposed Suggestions,6.5,1.0
Feasibility of Proposed Suggestions,7.75,-0.5
Feasibility of Proposed Suggestions,6.75,0.5
Feasibility of Proposed Suggestions,8.0,-1.0
Feasibility of Proposed Suggestions,7.25,-0.5
Feasibility of Proposed Suggestions,6.75,0.5
Feasibility of Proposed Suggestions,7.25,-0.5
Feasibility of Proposed Suggestions,7.0,0.0
Feasibility of Proposed Suggestions,6.75,-0.5
Feasibility of Proposed Suggestions,7.5,0.0
Feasibility of Proposed Suggestions,6.75,0.5
Feasibility of Proposed Suggestions,7.75,-1.5
Feasibility of Proposed Suggestions,7.25,-0.5
Feasibility of Proposed Suggestions,6.5,1.0
Feasibility of Proposed Suggestions,6.5,1.0
Feasibility of Proposed Suggestions,6.75,0.5
Feasibility of Proposed Suggestions,6.75,0.5
Feasibility of Proposed Suggestions,7.5,-1.0
Feasibility of Proposed Suggestions,6.75,0.5
Feasibility of Proposed Suggestions,6.5,1.0
Feasibility of Proposed Suggestions,6.5,0.0
Feasibility of Proposed Suggestions,7.0,-1.0
Feasibility of Proposed Suggestions,7.25,0.5
Feasibility of Proposed Suggestions,6.5,1.0
Feasibility of Proposed Suggestions,6.75,0.5
Feasibility of Proposed Suggestions,7.0,0.0
Feasibility of Proposed Suggestions,7.5,0.0
Feasibility of Proposed Suggestions,7.25,-0.5
Feasibility of Proposed Suggestions,7.25,0.5
Feasibility of Proposed Suggestions,8.25,-0.5
Feasibility of Proposed Suggestions,7.0,0.0
Feasibility of Proposed Suggestions,8.0,-1.0
Feasibility of Proposed Suggestions,6.75,0.5
Feasibility of Proposed Suggestions,7.25,-0.5
Feasibility of Proposed Suggestions,7.25,0.5
Feasibility of Proposed Suggestions,6.5,1.0
Feasibility of Proposed Suggestions,6.5,0.0
Feasibility of Proposed Suggestions,7.0,1.0
Feasibility of Proposed Suggestions,7.0,0.0
Feasibility of Proposed Suggestions,7.0,-1.0
Feasibility of Proposed Suggestions,6.5,0.0
Feasibility of Proposed Suggestions,6.5,1.0
Feasibility of Proposed Suggestions,6.75,0.5
Feasibility of Proposed Suggestions,7.0,0.0
Feasibility of Proposed Suggestions,7.0,-1.0
Feasibility of Proposed Suggestions,7.25,0.5
Feasibility of Proposed Suggestions,7.25,0.5
Feasibility of Proposed Suggestions,6.75,-0.5
Feasibility of Proposed Suggestions,7.25,-0.5
Feasibility of Proposed Suggestions,6.25,0.5
Feasibility of Proposed Suggestions,6.75,0.5
Feasibility of Proposed Suggestions,6.75,0.5
Feasibility of Proposed Suggestions,7.5,-1.0
Feasibility of Proposed Suggestions,6.75,0.5
Feasibility of Proposed Suggestions,7.0,1.0
Feasibility of Proposed Suggestions,7.5,-1.0
Feasibility of Proposed Suggestions,6.75,0.5
Feasibility of Proposed Suggestions,6.75,0.5
Feasibility of Proposed Suggestions,7.5,1.0
Feasibility of Proposed Suggestions,7.25,-0.5
Feasibility of Proposed Suggestions,7.0,1.0
Feasibility of Proposed Suggestions,7.75,-0.5
Feasibility of Proposed Suggestions,7.5,0.0
Feasibility of Proposed Suggestions,7.0,0.0
Feasibility of Proposed Suggestions,7.25,-0.5
Feasibility of Proposed Suggestions,7.0,0.0
Feasibility of Proposed Suggestions,6.5,1.0
Feasibility of Proposed Suggestions,7.25,0.5
Feasibility of Proposed Suggestions,7.0,1.0
Feasibility of Proposed Suggestions,6.25,1.5
Feasibility of Proposed Suggestions,7.75,-0.5
Feasibility of Proposed Suggestions,7.5,0.0
Feasibility of Proposed Suggestions,7.5,0.0
Feasibility of Proposed Suggestions,7.25,0.5
Feasibility of Proposed Suggestions,7.5,-1.0
Feasibility of Proposed Suggestions,6.25,0.5
Feasibility of Proposed Suggestions,7.25,0.5
Feasibility of Proposed Suggestions,7.0,0.0
Feasibility of Proposed Suggestions,6.5,0.0
Feasibility of Proposed Suggestions,7.25,0.5
Feasibility of Proposed Suggestions,6.5,1.0
Feasibility of Proposed Suggestions,7.0,0.0
Feasibility of Proposed Suggestions,7.0,-1.0
Feasibility of Proposed Suggestions,7.25,-0.5
Feasibility of Proposed Suggestions,7.25,0.5
Feasibility of Proposed Suggestions,7.25,-0.5
Feasibility of Proposed Suggestions,7.0,-1.0
Feasibility of Proposed Suggestions,7.25,0.3000000000000007
Feasibility of Proposed Suggestions,7.0,0.0
Feasibility of Proposed Suggestions,6.75,-0.5
Feasibility of Proposed Suggestions,7.5,-1.0
Feasibility of Proposed Suggestions,7.0,1.0
Feasibility of Proposed Suggestions,7.25,0.5
Feasibility of Proposed Suggestions,6.75,-0.5
Feasibility of Proposed Suggestions,7.25,0.5
Feasibility of Proposed Suggestions,7.25,0.5
Feasibility of Proposed Suggestions,6.75,0.5
Feasibility of Proposed Suggestions,7.25,-0.5
Feasibility of Proposed Suggestions,7.5,-1.0
Feasibility of Proposed Suggestions,7.45,0.09999999999999964
Feasibility of Proposed Suggestions,6.75,0.5
Feasibility of Proposed Suggestions,7.0,0.0
Feasibility of Proposed Suggestions,7.5,0.0
Feasibility of Proposed Suggestions,6.75,-0.5
Feasibility of Proposed Suggestions,7.25,-0.5
Feasibility of Proposed Suggestions,7.25,-0.5
Feasibility of Proposed Suggestions,6.75,0.5
Feasibility of Proposed Suggestions,7.0,0.0
Feasibility of Proposed Suggestions,6.8,0.40000000000000036
Feasibility of Proposed Suggestions,7.25,0.5
Feasibility of Proposed Suggestions,7.5,-1.0
Feasibility of Proposed Suggestions,7.0,0.0
Feasibility of Proposed Suggestions,6.25,0.5
Feasibility of Proposed Suggestions,7.5,-0.5999999999999996
Feasibility of Proposed Suggestions,7.0,0.0
Feasibility of Proposed Suggestions,7.0,0.0
Feasibility of Proposed Suggestions,6.75,0.5
Feasibility of Proposed Suggestions,6.75,0.5
Feasibility of Proposed Suggestions,6.75,0.5
Feasibility of Proposed Suggestions,8.0,-1.0
Feasibility of Proposed Suggestions,6.75,0.5
Feasibility of Proposed Suggestions,7.25,-0.5
Feasibility of Proposed Suggestions,6.75,1.5
Feasibility of Proposed Suggestions,6.5,1.0
Feasibility of Proposed Suggestions,6.75,0.5
Feasibility of Proposed Suggestions,6.75,0.5
Feasibility of Proposed Suggestions,6.75,0.5
Feasibility of Proposed Suggestions,6.75,0.5
Feasibility of Proposed Suggestions,7.5,0.0
Feasibility of Proposed Suggestions,7.0,-1.0
Feasibility of Proposed Suggestions,7.5,0.0
Feasibility of Proposed Suggestions,7.0,1.0
Feasibility of Proposed Suggestions,6.75,0.5
Feasibility of Proposed Suggestions,7.5,-1.0
Feasibility of Proposed Suggestions,6.75,0.5
Feasibility of Proposed Suggestions,8.75,-0.5
Feasibility of Proposed Suggestions,6.75,0.5
Feasibility of Proposed Suggestions,7.25,-0.5
Feasibility of Proposed Suggestions,6.75,0.5
Feasibility of Proposed Suggestions,7.25,-0.5
Feasibility of Proposed Suggestions,7.25,-0.5
Feasibility of Proposed Suggestions,7.25,0.5
Feasibility of Proposed Suggestions,6.5,1.0
Feasibility of Proposed Suggestions,7.5,-1.0
Feasibility of Proposed Suggestions,7.5,-1.0
Feasibility of Proposed Suggestions,7.25,-0.5
Feasibility of Proposed Suggestions,7.25,-0.5
Feasibility of Proposed Suggestions,7.75,-0.5
Feasibility of Proposed Suggestions,7.5,-1.0
Feasibility of Proposed Suggestions,6.75,0.5
Feasibility of Proposed Suggestions,7.0,-1.0
Feasibility of Proposed Suggestions,6.75,0.5
Feasibility of Proposed Suggestions,7.25,-0.5
Feasibility of Proposed Suggestions,7.0,0.0
Feasibility of Proposed Suggestions,6.75,0.5
Feasibility of Proposed Suggestions,7.25,-0.5
Feasibility of Proposed Suggestions,7.5,-1.0
Feasibility of Proposed Suggestions,6.75,0.5
Feasibility of Proposed Suggestions,7.0,0.0
Feasibility of Proposed Suggestions,6.75,0.5
Feasibility of Proposed Suggestions,7.25,-0.5
Feasibility of Proposed Suggestions,6.75,0.5
Feasibility of Proposed Suggestions,6.5,1.0
Feasibility of Proposed Suggestions,7.25,0.5
Feasibility of Proposed Suggestions,6.75,0.5
Feasibility of Proposed Suggestions,7.25,-0.5
Feasibility of Proposed Suggestions,7.25,-0.5
Feasibility of Proposed Suggestions,6.5,0.0
Feasibility of Proposed Suggestions,7.0,-1.0
Feasibility of Proposed Suggestions,7.25,0.5
Feasibility of Proposed Suggestions,6.75,0.5
Feasibility of Proposed Suggestions,7.25,-0.5
Feasibility of Proposed Suggestions,7.25,0.5
Feasibility of Proposed Suggestions,7.0,-1.0
Feasibility of Proposed Suggestions,6.5,1.0
Feasibility of Proposed Suggestions,6.25,1.5
Feasibility of Proposed Suggestions,6.75,-0.5
Feasibility of Proposed Suggestions,7.5,0.0
Feasibility of Proposed Suggestions,7.75,-0.5
Feasibility of Proposed Suggestions,6.75,0.5
Feasibility of Proposed Suggestions,6.5,1.0
Feasibility of Proposed Suggestions,6.5,1.0
Feasibility of Proposed Suggestions,6.75,-0.5
Feasibility of Proposed Suggestions,7.25,0.5
Feasibility of Proposed Suggestions,7.25,0.5
Feasibility of Proposed Suggestions,7.0,0.0
Feasibility of Proposed Suggestions,7.5,0.0
Feasibility of Proposed Suggestions,6.85,-0.10000000000000053
Feasibility of Proposed Suggestions,7.25,0.5
Feasibility of Proposed Suggestions,6.75,0.5
Feasibility of Proposed Suggestions,6.75,0.5
Feasibility of Proposed Suggestions,6.75,-0.5
Feasibility of Proposed Suggestions,7.0,0.0
Feasibility of Proposed Suggestions,6.75,-0.5
Feasibility of Proposed Suggestions,7.25,0.5
Feasibility of Proposed Suggestions,6.75,0.5
Feasibility of Proposed Suggestions,7.25,-0.5
Feasibility of Proposed Suggestions,6.5,1.0
Feasibility of Proposed Suggestions,7.25,0.5
Feasibility of Proposed Suggestions,6.5,1.0
Feasibility of Proposed Suggestions,6.0,1.0
Feasibility of Proposed Suggestions,6.5,1.0
Feasibility of Proposed Suggestions,7.25,0.5
Feasibility of Proposed Suggestions,7.25,0.5
Feasibility of Proposed Suggestions,7.25,0.5
Feasibility of Proposed Suggestions,7.75,0.5
Feasibility of Proposed Suggestions,7.0,0.0
Feasibility of Proposed Suggestions,8.0,-1.0
Feasibility of Proposed Suggestions,6.75,0.5
Feasibility of Proposed Suggestions,7.25,0.5
Feasibility of Proposed Suggestions,6.75,0.5
Feasibility of Proposed Suggestions,7.0,-1.0
Feasibility of Proposed Suggestions,7.5,0.0
Feasibility of Proposed Suggestions,7.25,0.5
Feasibility of Proposed Suggestions,7.25,0.5
Feasibility of Proposed Suggestions,7.0,-1.0
Feasibility of Proposed Suggestions,7.25,0.5
Feasibility of Proposed Suggestions,6.75,0.5
Feasibility of Proposed Suggestions,6.5,0.0
Feasibility of Proposed Suggestions,6.5,-1.0
Feasibility of Proposed Suggestions,7.0,0.0
Feasibility of Proposed Suggestions,7.0,0.0
Feasibility of Proposed Suggestions,7.0,1.0
Feasibility of Proposed Suggestions,6.75,0.5
Feasibility of Proposed Suggestions,7.25,-0.5
Feasibility of Proposed Suggestions,6.75,0.5
Feasibility of Proposed Suggestions,7.0,1.0
Feasibility of Proposed Suggestions,,
Feasibility of Proposed Suggestions,6.75,0.5
Feasibility of Proposed Suggestions,6.75,0.5
Feasibility of Proposed Suggestions,7.25,-0.5
Feasibility of Proposed Suggestions,8.0,-1.0
Feasibility of Proposed Suggestions,6.5,1.0
Feasibility of Proposed Suggestions,7.25,0.5
Feasibility of Proposed Suggestions,8.5,-1.0
Feasibility of Proposed Suggestions,7.25,0.5
Feasibility of Proposed Suggestions,7.0,-1.0
Feasibility of Proposed Suggestions,7.0,1.0
Feasibility of Proposed Suggestions,7.0,0.0
Feasibility of Proposed Suggestions,7.0,0.0
Feasibility of Proposed Suggestions,7.0,0.0
Feasibility of Proposed Suggestions,6.75,-0.5
Feasibility of Proposed Suggestions,7.0,0.0
Feasibility of Proposed Suggestions,7.5,-1.0
Feasibility of Proposed Suggestions,7.0,0.0
Feasibility of Proposed Suggestions,7.25,-0.5
Feasibility of Proposed Suggestions,7.0,0.0
Feasibility of Proposed Suggestions,7.25,0.5
Feasibility of Proposed Suggestions,7.5,-1.0
Feasibility of Proposed Suggestions,7.0,0.0
Feasibility of Proposed Suggestions,7.25,0.5
Feasibility of Proposed Suggestions,6.75,0.5
Feasibility of Proposed Suggestions,7.75,-0.5
Feasibility of Proposed Suggestions,7.75,-0.5
Feasibility of Proposed Suggestions,6.75,-0.5
Feasibility of Proposed Suggestions,7.5,-1.0
Feasibility of Proposed Suggestions,7.25,-0.5
Feasibility of Proposed Suggestions,7.5,0.0
Feasibility of Proposed Suggestions,6.5,1.0
Feasibility of Proposed Suggestions,7.5,-1.0
Feasibility of Proposed Suggestions,7.0,0.0
Feasibility of Proposed Suggestions,6.5,1.0
Feasibility of Proposed Suggestions,7.0,0.0
Feasibility of Proposed Suggestions,7.0,0.0
Feasibility of Proposed Suggestions,7.25,-0.5
Feasibility of Proposed Suggestions,7.25,-0.5
Feasibility of Proposed Suggestions,7.0,-1.0
Feasibility of Proposed Suggestions,7.75,-0.5
Feasibility of Proposed Suggestions,7.25,-0.5
Feasibility of Proposed Suggestions,8.0,-1.0
Feasibility of Proposed Suggestions,7.0,1.0
Feasibility of Proposed Suggestions,7.5,-1.0
Feasibility of Proposed Suggestions,6.75,-0.5
Feasibility of Proposed Suggestions,6.75,0.5
Feasibility of Proposed Suggestions,6.25,0.5
Feasibility of Proposed Suggestions,6.5,1.0
Feasibility of Proposed Suggestions,7.0,0.0
Feasibility of Proposed Suggestions,7.25,-0.5
Feasibility of Proposed Suggestions,7.25,-0.5
Feasibility of Proposed Suggestions,7.25,0.5
Feasibility of Proposed Suggestions,7.25,0.5
Feasibility of Proposed Suggestions,6.75,0.5
Feasibility of Proposed Suggestions,7.5,0.0
Feasibility of Proposed Suggestions,7.0,-1.0
Feasibility of Proposed Suggestions,6.0,1.0
Feasibility of Proposed Suggestions,8.0,1.0
Feasibility of Proposed Suggestions,7.25,0.5
Feasibility of Proposed Suggestions,7.05,0.5
Feasibility of Proposed Suggestions,7.25,0.5
Feasibility of Proposed Suggestions,7.25,0.5
Feasibility of Proposed Suggestions,7.0,-1.0
Feasibility of Proposed Suggestions,6.5,1.0
Feasibility of Proposed Suggestions,7.5,-1.0
Feasibility of Proposed Suggestions,7.25,-0.5
Feasibility of Proposed Suggestions,6.25,0.5
Feasibility of Proposed Suggestions,7.5,-1.0
Feasibility of Proposed Suggestions,7.5,-1.0
Feasibility of Proposed Suggestions,7.25,0.5
Feasibility of Proposed Suggestions,8.0,-1.0
Feasibility of Proposed Suggestions,7.5,0.0
Feasibility of Proposed Suggestions,7.25,-0.5
Feasibility of Proposed Suggestions,7.5,0.0
Feasibility of Proposed Suggestions,7.25,-0.5
Feasibility of Proposed Suggestions,6.75,0.5
Feasibility of Proposed Suggestions,7.25,0.5
Feasibility of Proposed Suggestions,7.0,0.0
Feasibility of Proposed Suggestions,7.25,-0.5
Feasibility of Proposed Suggestions,6.25,0.5
Feasibility of Proposed Suggestions,7.0,0.0
Feasibility of Proposed Suggestions,7.0,0.0
Feasibility of Proposed Suggestions,6.75,0.5
Feasibility of Proposed Suggestions,6.75,0.5
Feasibility of Proposed Suggestions,7.0,-1.0
Feasibility of Proposed Suggestions,7.25,0.5
Feasibility of Proposed Suggestions,7.25,0.5
Feasibility of Proposed Suggestions,6.0,0.0
Feasibility of Proposed Suggestions,7.5,0.0
Feasibility of Proposed Suggestions,7.5,0.0
Feasibility of Proposed Suggestions,7.5,0.0
Feasibility of Proposed Suggestions,8.0,-1.0
Feasibility of Proposed Suggestions,7.25,0.5
Feasibility of Proposed Suggestions,6.25,0.5
Feasibility of Proposed Suggestions,7.25,-0.5
Feasibility of Proposed Suggestions,7.0,0.0
Feasibility of Proposed Suggestions,7.25,0.5
Feasibility of Proposed Suggestions,6.75,0.5
Feasibility of Proposed Suggestions,6.75,0.5
Feasibility of Proposed Suggestions,8.0,-1.0
Feasibility of Proposed Suggestions,7.25,0.5
Feasibility of Proposed Suggestions,6.75,0.5
Feasibility of Proposed Suggestions,6.75,0.5
Feasibility of Proposed Suggestions,7.5,-1.0
Feasibility of Proposed Suggestions,6.75,0.5
Feasibility of Proposed Suggestions,6.75,0.5
Feasibility of Proposed Suggestions,7.25,-0.5
Feasibility of Proposed Suggestions,7.0,0.0
Feasibility of Proposed Suggestions,6.75,0.5
Feasibility of Proposed Suggestions,7.0,0.0
Feasibility of Proposed Suggestions,6.75,0.5
Feasibility of Proposed Suggestions,6.75,0.5
Feasibility of Proposed Suggestions,7.0,-1.0
Feasibility of Proposed Suggestions,7.0,0.0
Feasibility of Proposed Suggestions,8.0,-1.0
Feasibility of Proposed Suggestions,7.0,0.0
Feasibility of Proposed Suggestions,6.75,0.5
Feasibility of Proposed Suggestions,7.5,-1.0
Feasibility of Proposed Suggestions,6.5,0.0
Feasibility of Proposed Suggestions,6.75,0.5
Feasibility of Proposed Suggestions,6.75,0.5
Feasibility of Proposed Suggestions,7.5,0.0
Feasibility of Proposed Suggestions,6.75,0.5
Feasibility of Proposed Suggestions,7.25,-0.5
Feasibility of Proposed Suggestions,6.5,1.0
Feasibility of Proposed Suggestions,7.25,-0.5
Feasibility of Proposed Suggestions,6.75,0.5
Feasibility of Proposed Suggestions,7.25,0.5
Feasibility of Proposed Suggestions,7.5,0.0
Feasibility of Proposed Suggestions,6.5,1.0
Feasibility of Proposed Suggestions,7.0,-1.0
Feasibility of Proposed Suggestions,7.25,0.5
Feasibility of Proposed Suggestions,6.75,0.5
Feasibility of Proposed Suggestions,6.5,1.0
Feasibility of Proposed Suggestions,7.0,1.0
Feasibility of Proposed Suggestions,7.25,0.5
Feasibility of Proposed Suggestions,6.75,0.5
Feasibility of Proposed Suggestions,6.5,1.0
Feasibility of Proposed Suggestions,7.25,-0.5
Feasibility of Proposed Suggestions,8.0,-1.0
Feasibility of Proposed Suggestions,7.25,0.5
Feasibility of Proposed Suggestions,6.75,0.5
Feasibility of Proposed Suggestions,6.5,1.0
Feasibility of Proposed Suggestions,7.0,0.0
Feasibility of Proposed Suggestions,6.75,0.5
Feasibility of Proposed Suggestions,6.75,0.5
Feasibility of Proposed Suggestions,7.0,-1.0
Feasibility of Proposed Suggestions,6.75,0.5
Feasibility of Proposed Suggestions,7.75,-1.5
Feasibility of Proposed Suggestions,6.5,1.0
Feasibility of Proposed Suggestions,7.75,-0.5
Feasibility of Proposed Suggestions,6.75,0.5
Feasibility of Proposed Suggestions,6.5,0.0
Feasibility of Proposed Suggestions,7.0,0.0
Feasibility of Proposed Suggestions,7.25,0.5
Feasibility of Proposed Suggestions,7.0,1.0
Feasibility of Proposed Suggestions,6.75,0.5
Feasibility of Proposed Suggestions,7.25,0.5
Feasibility of Proposed Suggestions,7.0,0.0
Feasibility of Proposed Suggestions,7.5,-1.0
Feasibility of Proposed Suggestions,6.75,0.5
Feasibility of Proposed Suggestions,8.0,-1.0
Feasibility of Proposed Suggestions,7.0,-1.0
Feasibility of Proposed Suggestions,7.25,-0.5
Feasibility of Proposed Suggestions,6.75,0.5
Feasibility of Proposed Suggestions,7.0,-1.0
Feasibility of Proposed Suggestions,7.75,-0.5
Feasibility of Proposed Suggestions,7.0,0.0
Feasibility of Proposed Suggestions,7.75,-0.5
Feasibility of Proposed Suggestions,7.25,0.5
Feasibility of Proposed Suggestions,6.75,0.5
Feasibility of Proposed Suggestions,6.75,-0.5
Feasibility of Proposed Suggestions,7.5,-1.0
Feasibility of Proposed Suggestions,6.5,1.0
Feasibility of Proposed Suggestions,6.75,0.5
Feasibility of Proposed Suggestions,7.25,0.5
Feasibility of Proposed Suggestions,7.0,1.0
Feasibility of Proposed Suggestions,7.75,-0.5
Feasibility of Proposed Suggestions,7.0,0.0
Feasibility of Proposed Suggestions,7.0,0.0
Feasibility of Proposed Suggestions,7.5,-1.0
Feasibility of Proposed Suggestions,7.25,0.5
Feasibility of Proposed Suggestions,6.75,0.5
Feasibility of Proposed Suggestions,6.75,0.5
Feasibility of Proposed Suggestions,7.25,0.5
Feasibility of Proposed Suggestions,7.5,-1.0
Feasibility of Proposed Suggestions,7.25,-0.5
Feasibility of Proposed Suggestions,7.0,0.0
Feasibility of Proposed Suggestions,6.75,0.5
Feasibility of Proposed Suggestions,7.5,-1.0
Feasibility of Proposed Suggestions,6.75,0.5
Feasibility of Proposed Suggestions,6.25,0.5
Feasibility of Proposed Suggestions,6.75,0.5
Feasibility of Proposed Suggestions,7.25,-0.5
Feasibility of Proposed Suggestions,7.25,-0.5
Feasibility of Proposed Suggestions,6.5,1.0
Feasibility of Proposed Suggestions,6.5,1.0
Feasibility of Proposed Suggestions,6.75,0.5
Feasibility of Proposed Suggestions,6.5,1.0
Feasibility of Proposed Suggestions,7.25,0.5
Feasibility of Proposed Suggestions,6.5,0.0
Feasibility of Proposed Suggestions,7.0,0.0
Feasibility of Proposed Suggestions,6.95,0.09999999999999964
Feasibility of Proposed Suggestions,6.25,0.5
Feasibility of Proposed Suggestions,7.0,0.0
Feasibility of Proposed Suggestions,7.5,-0.1999999999999993
Feasibility of Proposed Suggestions,7.0,1.0
Feasibility of Proposed Suggestions,7.25,-0.5
Feasibility of Proposed Suggestions,7.5,-1.0
Feasibility of Proposed Suggestions,7.0,0.0
Feasibility of Proposed Suggestions,6.75,0.5
Feasibility of Proposed Suggestions,6.5,1.0
Feasibility of Proposed Suggestions,6.75,-0.5
Feasibility of Proposed Suggestions,7.5,-1.0
Feasibility of Proposed Suggestions,6.75,0.5
Feasibility of Proposed Suggestions,7.75,-0.5
Feasibility of Proposed Suggestions,6.75,-0.5
Feasibility of Proposed Suggestions,7.25,-0.5
Feasibility of Proposed Suggestions,7.5,-1.0
Feasibility of Proposed Suggestions,7.25,0.5
Feasibility of Proposed Suggestions,7.25,0.5
Feasibility of Proposed Suggestions,7.25,-0.5
Feasibility of Proposed Suggestions,7.25,-0.5
Feasibility of Proposed Suggestions,7.25,-0.5
Feasibility of Proposed Suggestions,7.0,0.0
Feasibility of Proposed Suggestions,7.0,0.0
Feasibility of Proposed Suggestions,6.5,1.0
Feasibility of Proposed Suggestions,7.0,0.0
Feasibility of Proposed Suggestions,6.5,0.0
Feasibility of Proposed Suggestions,7.0,0.0
Feasibility of Proposed Suggestions,6.5,1.0
Feasibility of Proposed Suggestions,6.75,0.5
Feasibility of Proposed Suggestions,7.25,-0.5
Feasibility of Proposed Suggestions,7.25,0.5
Feasibility of Proposed Suggestions,6.5,1.0
Feasibility of Proposed Suggestions,6.5,1.0
Feasibility of Proposed Suggestions,7.5,-1.0
Feasibility of Proposed Suggestions,6.5,0.0
Feasibility of Proposed Suggestions,6.5,-1.0
Feasibility of Proposed Suggestions,7.25,0.5
Feasibility of Proposed Suggestions,7.25,-0.5
Feasibility of Proposed Suggestions,7.5,0.0
Feasibility of Proposed Suggestions,6.5,0.0
Feasibility of Proposed Suggestions,6.5,1.0
Feasibility of Proposed Suggestions,6.75,-0.5
Feasibility of Proposed Suggestions,7.5,-1.0
Feasibility of Proposed Suggestions,6.75,0.5
Feasibility of Proposed Suggestions,7.0,-1.0
Feasibility of Proposed Suggestions,7.25,-0.5
Feasibility of Proposed Suggestions,7.0,-1.0
Feasibility of Proposed Suggestions,6.75,0.5
Feasibility of Proposed Suggestions,6.75,0.5
Feasibility of Proposed Suggestions,7.0,0.0
Feasibility of Proposed Suggestions,7.5,0.0
Feasibility of Proposed Suggestions,6.75,-0.5
Feasibility of Proposed Suggestions,6.75,0.5
Feasibility of Proposed Suggestions,7.25,-0.5
Feasibility of Proposed Suggestions,7.0,-1.0
Feasibility of Proposed Suggestions,7.25,0.5
Feasibility of Proposed Suggestions,7.0,0.0
Feasibility of Proposed Suggestions,6.25,0.5
Feasibility of Proposed Suggestions,7.25,0.5
Feasibility of Proposed Suggestions,6.5,0.0
Feasibility of Proposed Suggestions,8.0,-1.0
Feasibility of Proposed Suggestions,7.25,-0.5
Feasibility of Proposed Suggestions,7.5,-1.0
Feasibility of Proposed Suggestions,6.75,0.5
Feasibility of Proposed Suggestions,7.5,-1.0
Feasibility of Proposed Suggestions,7.0,1.0
Feasibility of Proposed Suggestions,7.0,-1.0
Feasibility of Proposed Suggestions,7.25,-0.5
Feasibility of Proposed Suggestions,7.75,-0.5
Feasibility of Proposed Suggestions,8.0,-1.0
Feasibility of Proposed Suggestions,7.25,-0.5
Feasibility of Proposed Suggestions,6.5,-1.0
Feasibility of Proposed Suggestions,7.25,0.5
Feasibility of Proposed Suggestions,6.75,0.5
Feasibility of Proposed Suggestions,7.25,-0.5
Feasibility of Proposed Suggestions,7.0,0.0
Feasibility of Proposed Suggestions,7.25,-0.5
Feasibility of Proposed Suggestions,7.0,0.0
Feasibility of Proposed Suggestions,7.25,-0.5
Feasibility of Proposed Suggestions,7.25,-0.5
Feasibility of Proposed Suggestions,7.25,-0.5
Feasibility of Proposed Suggestions,6.75,0.5
Feasibility of Proposed Suggestions,6.5,0.0
Feasibility of Proposed Suggestions,7.25,0.5
Feasibility of Proposed Suggestions,7.0,0.0
Feasibility of Proposed Suggestions,7.25,-0.5
Feasibility of Proposed Suggestions,7.25,0.5
Feasibility of Proposed Suggestions,6.75,0.5
Feasibility of Proposed Suggestions,7.25,0.5
Feasibility of Proposed Suggestions,6.75,0.5
Feasibility of Proposed Suggestions,7.75,-0.5
Feasibility of Proposed Suggestions,7.25,-0.5
Feasibility of Proposed Suggestions,6.5,1.0
Feasibility of Proposed Suggestions,6.25,0.5
Feasibility of Proposed Suggestions,7.75,-1.5
Feasibility of Proposed Suggestions,7.5,-1.0
Feasibility of Proposed Suggestions,6.5,1.0
Feasibility of Proposed Suggestions,7.25,0.5
Feasibility of Proposed Suggestions,6.75,-0.5
Feasibility of Proposed Suggestions,7.25,0.5
Feasibility of Proposed Suggestions,7.0,0.40000000000000036
Feasibility of Proposed Suggestions,7.75,-1.5
Feasibility of Proposed Suggestions,7.0,-1.0
Feasibility of Proposed Suggestions,7.25,-0.5
Feasibility of Proposed Suggestions,6.75,0.5
Feasibility of Proposed Suggestions,6.75,-0.5
Feasibility of Proposed Suggestions,6.25,0.5
Feasibility of Proposed Suggestions,6.5,1.0
Logic of Argumentation,6.25,0.5
Logic of Argumentation,7.0,0.0
Logic of Argumentation,7.0,0.0
Logic of Argumentation,6.4,0.0
Logic of Argumentation,6.25,0.5
Logic of Argumentation,6.699999999999999,0.20000000000000018
Logic of Argumentation,6.5,1.0
Logic of Argumentation,6.75,0.5
Logic of Argumentation,6.75,0.5
Logic of Argumentation,6.75,0.5
Logic of Argumentation,6.75,-0.5
Logic of Argumentation,6.5,1.0
Logic of Argumentation,7.25,-0.5
Logic of Argumentation,6.75,0.5
Logic of Argumentation,8.5,-1.0
Logic of Argumentation,7.25,-0.5
Logic of Argumentation,6.75,0.5
Logic of Argumentation,7.0,0.0
Logic of Argumentation,7.0,0.0
Logic of Argumentation,6.25,-0.5
Logic of Argumentation,7.5,0.0
Logic of Argumentation,6.25,0.5
Logic of Argumentation,8.0,-1.0
Logic of Argumentation,7.25,-0.5
Logic of Argumentation,6.25,0.5
Logic of Argumentation,6.75,0.5
Logic of Argumentation,6.75,0.5
Logic of Argumentation,6.75,0.5
Logic of Argumentation,7.5,-1.0
Logic of Argumentation,6.75,0.5
Logic of Argumentation,6.5,1.0
Logic of Argumentation,6.5,0.0
Logic of Argumentation,7.0,-1.0
Logic of Argumentation,6.75,0.5
Logic of Argumentation,6.5,1.0
Logic of Argumentation,6.5,1.0
Logic of Argumentation,7.0,0.0
Logic of Argumentation,7.0,0.0
Logic of Argumentation,7.25,-0.5
Logic of Argumentation,6.75,0.5
Logic of Argumentation,8.25,-0.5
Logic of Argumentation,7.0,0.0
Logic of Argumentation,7.75,-0.5
Logic of Argumentation,6.75,0.5
Logic of Argumentation,7.25,-0.5
Logic of Argumentation,7.25,-0.5
Logic of Argumentation,7.0,0.0
Logic of Argumentation,6.5,0.0
Logic of Argumentation,6.75,0.5
Logic of Argumentation,7.0,0.0
Logic of Argumentation,6.75,0.5
Logic of Argumentation,6.5,0.0
Logic of Argumentation,6.5,1.0
Logic of Argumentation,6.25,0.5
Logic of Argumentation,6.5,0.0
Logic of Argumentation,7.0,-1.0
Logic of Argumentation,7.25,0.5
Logic of Argumentation,6.75,0.5
Logic of Argumentation,6.75,-0.5
Logic of Argumentation,6.75,-0.5
Logic of Argumentation,6.25,0.5
Logic of Argumentation,6.75,0.5
Logic of Argumentation,6.75,0.5
Logic of Argumentation,7.5,-1.0
Logic of Argumentation,6.75,0.5
Logic of Argumentation,6.5,1.0
Logic of Argumentation,6.75,0.5
Logic of Argumentation,6.25,0.5
Logic of Argumentation,6.75,0.5
Logic of Argumentation,7.0,1.0
Logic of Argumentation,6.75,-0.5
Logic of Argumentation,7.0,-1.0
Logic of Argumentation,6.75,0.5
Logic of Argumentation,7.5,0.0
Logic of Argumentation,7.0,0.0
Logic of Argumentation,7.25,-0.5
Logic of Argumentation,7.0,0.0
Logic of Argumentation,6.75,0.5
Logic of Argumentation,6.75,0.5
Logic of Argumentation,6.75,0.5
Logic of Argumentation,6.25,1.5
Logic of Argumentation,8.25,-0.5
Logic of Argumentation,7.0,0.0
Logic of Argumentation,6.5,0.0
Logic of Argumentation,7.5,0.0
Logic of Argumentation,7.0,0.0
Logic of Argumentation,6.75,0.5
Logic of Argumentation,6.75,0.5
Logic of Argumentation,7.0,0.0
Logic of Argumentation,6.5,0.0
Logic of Argumentation,6.25,0.5
Logic of Argumentation,6.75,0.5
Logic of Argumentation,7.0,0.0
Logic of Argumentation,7.0,-1.0
Logic of Argumentation,6.5,-1.0
Logic of Argumentation,6.75,0.5
Logic of Argumentation,7.25,-0.5
Logic of Argumentation,7.0,-1.0
Logic of Argumentation,6.45,0.5
Logic of Argumentation,6.5,0.0
Logic of Argumentation,7.0,-1.0
Logic of Argumentation,7.0,0.0
Logic of Argumentation,6.5,1.0
Logic of Argumentation,6.75,0.5
Logic of Argumentation,6.75,-0.5
Logic of Argumentation,6.75,0.5
Logic of Argumentation,6.75,0.5
Logic of Argumentation,6.75,0.5
Logic of Argumentation,7.75,-0.5
Logic of Argumentation,7.25,-0.5
Logic of Argumentation,7.050000000000001,-0.2999999999999998
Logic of Argumentation,6.75,0.5
Logic of Argumentation,7.0,0.0
Logic of Argumentation,7.0,0.0
Logic of Argumentation,6.75,-0.5
Logic of Argumentation,7.25,-0.5
Logic of Argumentation,7.25,-0.5
Logic of Argumentation,6.25,0.5
Logic of Argumentation,7.0,0.0
Logic of Argumentation,6.8,0.40000000000000036
Logic of Argumentation,6.75,0.5
Logic of Argumentation,7.0,-1.0
Logic of Argumentation,7.0,0.0
Logic of Argumentation,6.25,0.5
Logic of Argumentation,7.3,-0.5999999999999996
Logic of Argumentation,7.0,0.0
Logic of Argumentation,7.0,0.0
Logic of Argumentation,6.75,0.5
Logic of Argumentation,6.75,0.5
Logic of Argumentation,6.75,0.5
Logic of Argumentation,8.0,-1.0
Logic of Argumentation,6.25,0.5
Logic of Argumentation,7.25,-0.5
Logic of Argumentation,7.5,0.0
Logic of Argumentation,6.5,1.0
Logic of Argumentation,6.25,0.5
Logic of Argumentation,6.25,0.5
Logic of Argumentation,6.25,0.5
Logic of Argumentation,6.25,0.5
Logic of Argumentation,7.0,0.0
Logic of Argumentation,7.0,-1.0
Logic of Argumentation,6.75,0.5
Logic of Argumentation,7.25,0.5
Logic of Argumentation,6.75,0.5
Logic of Argumentation,8.0,-1.0
Logic of Argumentation,6.25,0.5
Logic of Argumentation,8.75,-0.5
Logic of Argumentation,7.25,0.5
Logic of Argumentation,7.1,-0.20000000000000018
Logic of Argumentation,6.75,0.5
Logic of Argumentation,7.25,-0.5
Logic of Argumentation,7.25,-0.5
Logic of Argumentation,6.25,0.5
Logic of Argumentation,6.5,1.0
Logic of Argumentation,8.0,-1.0
Logic of Argumentation,6.75,-0.5
Logic of Argumentation,6.75,0.5
Logic of Argumentation,6.75,-0.5
Logic of Argumentation,7.5,-1.0
Logic of Argumentation,7.0,-1.0
Logic of Argumentation,6.75,0.5
Logic of Argumentation,7.0,-1.0
Logic of Argumentation,6.25,0.5
Logic of Argumentation,7.25,-0.5
Logic of Argumentation,7.0,0.0
Logic of Argumentation,6.25,0.5
Logic of Argumentation,7.25,0.5
Logic of Argumentation,7.5,-1.0
Logic of Argumentation,6.75,0.5
Logic of Argumentation,6.5,0.0
Logic of Argumentation,6.25,0.5
Logic of Argumentation,6.75,-0.5
Logic of Argumentation,7.25,0.5
Logic of Argumentation,6.75,0.5
Logic of Argumentation,6.75,0.5
Logic of Argumentation,6.25,0.5
Logic of Argumentation,7.25,-0.5
Logic of Argumentation,6.75,-0.5
Logic of Argumentation,6.5,0.0
Logic of Argumentation,7.5,-1.0
Logic of Argumentation,6.75,0.5
Logic of Argumentation,6.25,0.5
Logic of Argumentation,7.25,-0.5
Logic of Argumentation,6.75,0.5
Logic of Argumentation,6.5,-1.0
Logic of Argumentation,6.0,1.0
Logic of Argumentation,6.75,1.5
Logic of Argumentation,6.75,-0.5
Logic of Argumentation,6.75,-0.5
Logic of Argumentation,6.75,-0.5
Logic of Argumentation,6.75,0.5
Logic of Argumentation,6.0,1.0
Logic of Argumentation,6.25,0.5
Logic of Argumentation,7.25,-0.5
Logic of Argumentation,6.75,0.5
Logic of Argumentation,6.25,0.5
Logic of Argumentation,7.0,0.0
Logic of Argumentation,7.0,0.0
Logic of Argumentation,6.55,-0.09999999999999964
Logic of Argumentation,6.25,0.5
Logic of Argumentation,6.75,0.5
Logic of Argumentation,6.75,0.5
Logic of Argumentation,6.75,-0.5
Logic of Argumentation,7.0,0.0
Logic of Argumentation,6.75,0.5
Logic of Argumentation,6.75,0.5
Logic of Argumentation,6.75,-0.5
Logic of Argumentation,6.75,-0.5
Logic of Argumentation,6.5,1.0
Logic of Argumentation,7.25,0.5
Logic of Argumentation,6.0,1.0
Logic of Argumentation,6.0,1.0
Logic of Argumentation,6.5,1.0
Logic of Argumentation,7.25,0.5
Logic of Argumentation,7.25,0.5
Logic of Argumentation,6.25,0.5
Logic of Argumentation,8.25,-0.5
Logic of Argumentation,6.5,0.0
Logic of Argumentation,8.25,-0.5
Logic of Argumentation,6.75,0.5
Logic of Argumentation,6.75,0.5
Logic of Argumentation,6.75,0.5
Logic of Argumentation,7.0,-1.0
Logic of Argumentation,6.5,0.0
Logic of Argumentation,6.25,0.5
Logic of Argumentation,6.75,0.5
Logic of Argumentation,7.5,-1.0
Logic of Argumentation,6.25,0.5
Logic of Argumentation,6.75,0.5
Logic of Argumentation,6.0,0.0
Logic of Argumentation,7.0,-1.0
Logic of Argumentation,7.0,0.0
Logic of Argumentation,7.0,0.0
Logic of Argumentation,7.0,1.0
Logic of Argumentation,6.75,0.5
Logic of Argumentation,6.75,-0.5
Logic of Argumentation,7.25,0.5
Logic of Argumentation,7.0,1.0
Logic of Argumentation,,
Logic of Argumentation,6.25,0.5
Logic of Argumentation,6.25,0.5
Logic of Argumentation,6.75,-0.5
Logic of Argumentation,7.5,-1.0
Logic of Argumentation,6.5,1.0
Logic of Argumentation,7.25,0.5
Logic of Argumentation,8.0,-1.0
Logic of Argumentation,7.25,0.5
Logic of Argumentation,7.5,-1.0
Logic of Argumentation,7.0,1.0
Logic of Argumentation,7.0,0.0
Logic of Argumentation,7.0,0.0
Logic of Argumentation,7.0,0.0
Logic of Argumentation,6.75,-0.5
Logic of Argumentation,7.0,0.0
Logic of Argumentation,7.75,-0.5
Logic of Argumentation,7.0,0.0
Logic of Argumentation,7.25,-0.5
Logic of Argumentation,7.0,0.0
Logic of Argumentation,7.25,0.5
Logic of Argumentation,7.25,-0.5
Logic of Argumentation,7.0,0.0
Logic of Argumentation,6.75,0.5
Logic of Argumentation,6.75,0.5
Logic of Argumentation,8.25,-0.5
Logic of Argumentation,7.75,-0.5
Logic of Argumentation,6.75,-0.5
Logic of Argumentation,8.0,-1.0
Logic of Argumentation,6.75,-0.5
Logic of Argumentation,7.0,1.0
Logic of Argumentation,6.75,0.5
Logic of Argumentation,7.25,-0.5
Logic of Argumentation,6.5,0.0
Logic of Argumentation,6.5,1.0
Logic of Argumentation,7.0,0.0
Logic of Argumentation,7.0,0.0
Logic of Argumentation,6.75,-0.5
Logic of Argumentation,6.75,-0.5
Logic of Argumentation,6.75,-0.5
Logic of Argumentation,7.25,-0.5
Logic of Argumentation,6.75,0.5
Logic of Argumentation,8.25,-0.5
Logic of Argumentation,6.5,1.0
Logic of Argumentation,7.25,-0.5
Logic of Argumentation,6.75,-0.5
Logic of Argumentation,6.75,0.5
Logic of Argumentation,6.75,0.5
Logic of Argumentation,6.5,1.0
Logic of Argumentation,7.0,0.0
Logic of Argumentation,7.25,-0.5
Logic of Argumentation,6.75,-0.5
Logic of Argumentation,6.75,0.5
Logic of Argumentation,6.75,0.5
Logic of Argumentation,6.25,0.5
Logic of Argumentation,7.0,0.0
Logic of Argumentation,6.75,-0.5
Logic of Argumentation,6.75,0.5
Logic of Argumentation,8.0,1.0
Logic of Argumentation,7.25,0.5
Logic of Argumentation,6.95,0.5
Logic of Argumentation,7.25,0.5
Logic of Argumentation,6.75,0.5
Logic of Argumentation,7.5,-1.0
Logic of Argumentation,6.0,1.0
Logic of Argumentation,7.0,-1.0
Logic of Argumentation,6.75,-0.5
Logic of Argumentation,6.25,0.5
Logic of Argumentation,7.25,-0.5
Logic of Argumentation,7.25,0.5
Logic of Argumentation,7.25,0.5
Logic of Argumentation,8.25,-0.5
Logic of Argumentation,7.5,0.0
Logic of Argumentation,7.25,-0.5
Logic of Argumentation,7.25,-0.5
Logic of Argumentation,6.75,-0.5
Logic of Argumentation,6.25,0.5
Logic of Argumentation,6.75,0.5
Logic of Argumentation,7.0,0.0
Logic of Argumentation,6.75,0.5
Logic of Argumentation,6.25,0.5
Logic of Argumentation,7.0,0.0
Logic of Argumentation,7.0,0.0
Logic of Argumentation,6.75,0.5
Logic of Argumentation,6.75,0.5
Logic of Argumentation,7.25,-0.5
Logic of Argumentation,6.75,0.5
Logic of Argumentation,6.75,0.5
Logic of Argumentation,6.0,0.0
Logic of Argumentation,6.75,-0.5
Logic of Argumentation,7.0,0.0
Logic of Argumentation,7.5,0.0
Logic of Argumentation,7.75,-0.5
Logic of Argumentation,6.75,0.5
Logic of Argumentation,6.75,0.5
Logic of Argumentation,7.25,-0.5
Logic of Argumentation,7.0,0.0
Logic of Argumentation,6.5,0.0
Logic of Argumentation,6.75,0.5
Logic of Argumentation,6.75,0.5
Logic of Argumentation,7.0,-1.0
Logic of Argumentation,6.75,0.5
Logic of Argumentation,6.25,0.5
Logic of Argumentation,6.75,0.5
Logic of Argumentation,7.75,-0.5
Logic of Argumentation,6.75,0.5
Logic of Argumentation,6.75,0.5
Logic of Argumentation,6.75,0.5
Logic of Argumentation,6.75,-0.5
Logic of Argumentation,6.75,0.5
Logic of Argumentation,6.5,0.0
Logic of Argumentation,6.75,0.5
Logic of Argumentation,6.75,0.5
Logic of Argumentation,6.75,-0.5
Logic of Argumentation,7.0,0.0
Logic of Argumentation,8.0,-1.0
Logic of Argumentation,7.0,0.0
Logic of Argumentation,6.75,0.5
Logic of Argumentation,6.75,-0.5
Logic of Argumentation,6.5,0.0
Logic of Argumentation,6.75,0.5
Logic of Argumentation,6.25,0.5
Logic of Argumentation,6.5,0.0
Logic of Argumentation,6.75,0.5
Logic of Argumentation,7.25,-0.5
Logic of Argumentation,6.5,1.0
Logic of Argumentation,6.75,-0.5
Logic of Argumentation,6.25,0.5
Logic of Argumentation,7.25,0.5
Logic of Argumentation,7.25,-0.5
Logic of Argumentation,6.75,0.5
Logic of Argumentation,7.0,-1.0
Logic of Argumentation,7.25,-0.5
Logic of Argumentation,7.0,0.0
Logic of Argumentation,6.5,1.0
Logic of Argumentation,6.75,0.5
Logic of Argumentation,7.25,0.5
Logic of Argumentation,6.25,0.5
Logic of Argumentation,6.5,1.0
Logic of Argumentation,7.75,-0.5
Logic of Argumentation,8.0,-1.0
Logic of Argumentation,6.75,0.5
Logic of Argumentation,6.75,0.5
Logic of Argumentation,6.5,1.0
Logic of Argumentation,7.25,0.5
Logic of Argumentation,7.0,1.0
Logic of Argumentation,6.75,0.5
Logic of Argumentation,7.0,-1.0
Logic of Argumentation,6.75,0.5
Logic of Argumentation,8.0,-1.0
Logic of Argumentation,6.5,1.0
Logic of Argumentation,6.75,-0.5
Logic of Argumentation,6.75,0.5
Logic of Argumentation,7.5,0.0
Logic of Argumentation,6.5,0.0
Logic of Argumentation,6.75,0.5
Logic of Argumentation,6.5,1.0
Logic of Argumentation,6.75,0.5
Logic of Argumentation,6.75,0.5
Logic of Argumentation,7.0,0.0
Logic of Argumentation,7.5,-1.0
Logic of Argumentation,6.75,0.5
Logic of Argumentation,7.75,-0.5
Logic of Argumentation,6.75,0.5
Logic of Argumentation,7.75,-0.5
Logic of Argumentation,7.25,0.5
Logic of Argumentation,7.0,-1.0
Logic of Argumentation,6.75,-0.5
Logic of Argumentation,7.0,0.0
Logic of Argumentation,7.5,0.0
Logic of Argumentation,6.25,0.5
Logic of Argumentation,6.75,0.5
Logic of Argumentation,6.75,-0.5
Logic of Argumentation,7.25,-0.5
Logic of Argumentation,6.0,1.0
Logic of Argumentation,7.25,0.5
Logic of Argumentation,6.75,0.5
Logic of Argumentation,6.5,1.0
Logic of Argumentation,7.25,-0.5
Logic of Argumentation,7.0,0.0
Logic of Argumentation,6.5,0.0
Logic of Argumentation,7.5,-1.0
Logic of Argumentation,6.75,0.5
Logic of Argumentation,6.25,0.5
Logic of Argumentation,6.25,0.5
Logic of Argumentation,6.75,0.5
Logic of Argumentation,7.25,-0.5
Logic of Argumentation,7.75,-0.5
Logic of Argumentation,6.5,-1.0
Logic of Argumentation,6.75,0.5
Logic of Argumentation,7.0,-1.0
Logic of Argumentation,6.25,0.5
Logic of Argumentation,6.25,0.5
Logic of Argumentation,6.25,0.5
Logic of Argumentation,7.25,-0.5
Logic of Argumentation,7.25,-0.5
Logic of Argumentation,6.5,1.0
Logic of Argumentation,6.5,1.0
Logic of Argumentation,6.25,0.5
Logic of Argumentation,6.5,1.0
Logic of Argumentation,7.25,0.5
Logic of Argumentation,6.5,0.0
Logic of Argumentation,6.5,0.0
Logic of Argumentation,6.85,0.10000000000000053
Logic of Argumentation,6.25,0.5
Logic of Argumentation,7.5,0.0
Logic of Argumentation,7.6,-0.39999999999999947
Logic of Argumentation,6.75,0.5
Logic of Argumentation,7.75,-0.5
Logic of Argumentation,6.25,0.5
Logic of Argumentation,6.5,0.0
Logic of Argumentation,6.5,1.0
Logic of Argumentation,6.75,0.5
Logic of Argumentation,7.0,0.0
Logic of Argumentation,7.25,-0.5
Logic of Argumentation,6.75,0.5
Logic of Argumentation,7.75,-0.5
Logic of Argumentation,6.75,-0.5
Logic of Argumentation,6.75,-0.5
Logic of Argumentation,7.25,-0.5
Logic of Argumentation,6.75,0.5
Logic of Argumentation,6.75,0.5
Logic of Argumentation,7.75,-0.5
Logic of Argumentation,6.75,-0.5
Logic of Argumentation,7.25,-0.5
Logic of Argumentation,7.0,0.0
Logic of Argumentation,6.5,0.0
Logic of Argumentation,6.5,1.0
Logic of Argumentation,6.5,0.0
Logic of Argumentation,6.75,-0.5
Logic of Argumentation,7.0,0.0
Logic of Argumentation,6.5,1.0
Logic of Argumentation,6.75,0.5
Logic of Argumentation,6.75,-0.5
Logic of Argumentation,7.25,0.5
Logic of Argumentation,6.75,0.5
Logic of Argumentation,6.0,1.0
Logic of Argumentation,7.5,-1.0
Logic of Argumentation,6.5,0.0
Logic of Argumentation,6.5,-1.0
Logic of Argumentation,6.75,0.5
Logic of Argumentation,7.75,-0.5
Logic of Argumentation,6.5,0.0
Logic of Argumentation,6.5,0.0
Logic of Argumentation,6.5,1.0
Logic of Argumentation,6.75,-0.5
Logic of Argumentation,7.5,-1.0
Logic of Argumentation,6.75,0.5
Logic of Argumentation,6.75,-0.5
Logic of Argumentation,6.75,-0.5
Logic of Argumentation,7.0,-1.0
Logic of Argumentation,6.75,0.5
Logic of Argumentation,5.75,0.5
Logic of Argumentation,7.0,0.0
Logic of Argumentation,7.5,0.0
Logic of Argumentation,6.75,-0.5
Logic of Argumentation,6.75,0.5
Logic of Argumentation,7.0,0.0
Logic of Argumentation,7.0,-1.0
Logic of Argumentation,6.75,-0.5
Logic of Argumentation,7.0,0.0
Logic of Argumentation,6.25,0.5
Logic of Argumentation,6.75,0.5
Logic of Argumentation,7.25,0.5
Logic of Argumentation,8.0,-1.0
Logic of Argumentation,6.75,0.5
Logic of Argumentation,6.5,1.0
Logic of Argumentation,6.75,0.5
Logic of Argumentation,8.0,-1.0
Logic of Argumentation,6.75,0.5
Logic of Argumentation,7.0,-1.0
Logic of Argumentation,7.25,-0.5
Logic of Argumentation,7.25,-0.5
Logic of Argumentation,8.0,-1.0
Logic of Argumentation,7.25,-0.5
Logic of Argumentation,6.5,1.0
Logic of Argumentation,6.75,0.5
Logic of Argumentation,6.75,0.5
Logic of Argumentation,7.25,-0.5
Logic of Argumentation,6.5,1.0
Logic of Argumentation,7.25,-0.5
Logic of Argumentation,7.5,0.0
Logic of Argumentation,7.75,-0.5
Logic of Argumentation,7.25,-0.5
Logic of Argumentation,7.25,-0.5
Logic of Argumentation,6.25,0.5
Logic of Argumentation,6.5,0.0
Logic of Argumentation,6.75,0.5
Logic of Argumentation,7.0,0.0
Logic of Argumentation,6.75,-0.5
Logic of Argumentation,6.75,0.5
Logic of Argumentation,6.75,-0.5
Logic of Argumentation,6.75,0.5
Logic of Argumentation,6.25,0.5
Logic of Argumentation,7.25,-0.5
Logic of Argumentation,7.25,-0.5
Logic of Argumentation,6.0,1.0
Logic of Argumentation,6.25,0.5
Logic of Argumentation,8.0,-1.0
Logic of Argumentation,7.25,0.5
Logic of Argumentation,6.75,0.5
Logic of Argumentation,6.25,0.5
Logic of Argumentation,6.75,-0.5
Logic of Argumentation,6.75,0.5
Logic of Argumentation,6.75,0.5
Logic of Argumentation,6.5,1.0
Logic of Argumentation,7.0,-1.0
Logic of Argumentation,6.75,-0.5
Logic of Argumentation,6.75,0.5
Logic of Argumentation,6.75,-0.5
Logic of Argumentation,6.25,0.5
Logic of Argumentation,6.5,1.0
Multi-angle Analysis of Problems,6.25,0.5
Multi-angle Analysis of Problems,7.0,0.0
Multi-angle Analysis of Problems,7.0,0.0
Multi-angle Analysis of Problems,6.8,0.0
Multi-angle Analysis of Problems,7.0,1.0
Multi-angle Analysis of Problems,7.050000000000001,0.2999999999999998
Multi-angle Analysis of Problems,6.5,1.0
Multi-angle Analysis of Problems,6.75,0.5
Multi-angle Analysis of Problems,6.75,0.5
Multi-angle Analysis of Problems,6.25,0.5
Multi-angle Analysis of Problems,6.75,-0.5
Multi-angle Analysis of Problems,6.5,1.0
Multi-angle Analysis of Problems,7.25,-0.5
Multi-angle Analysis of Problems,6.75,0.5
Multi-angle Analysis of Problems,8.0,-1.0
Multi-angle Analysis of Problems,7.25,-0.5
Multi-angle Analysis of Problems,6.25,0.5
Multi-angle Analysis of Problems,7.0,0.0
Multi-angle Analysis of Problems,7.0,0.0
Multi-angle Analysis of Problems,6.25,-0.5
Multi-angle Analysis of Problems,7.5,0.0
Multi-angle Analysis of Problems,6.25,0.5
Multi-angle Analysis of Problems,7.75,-1.5
Multi-angle Analysis of Problems,7.25,-0.5
Multi-angle Analysis of Problems,6.25,0.5
Multi-angle Analysis of Problems,6.5,1.0
Multi-angle Analysis of Problems,6.75,0.5
Multi-angle Analysis of Problems,6.75,0.5
Multi-angle Analysis of Problems,8.0,-1.0
Multi-angle Analysis of Problems,6.5,0.0
Multi-angle Analysis of Problems,6.5,1.0
Multi-angle Analysis of Problems,6.5,0.0
Multi-angle Analysis of Problems,7.0,-1.0
Multi-angle Analysis of Problems,6.75,0.5
Multi-angle Analysis of Problems,6.5,1.0
Multi-angle Analysis of Problems,6.5,1.0
Multi-angle Analysis of Problems,7.0,0.0
Multi-angle Analysis of Problems,7.5,0.0
Multi-angle Analysis of Problems,7.25,-0.5
Multi-angle Analysis of Problems,6.25,0.5
Multi-angle Analysis of Problems,8.0,-1.0
Multi-angle Analysis of Problems,7.0,0.0
Multi-angle Analysis of Problems,7.5,-1.0
Multi-angle Analysis of Problems,6.25,0.5
Multi-angle Analysis of Problems,7.25,-0.5
Multi-angle Analysis of Problems,7.25,-0.5
Multi-angle Analysis of Problems,7.0,0.0
Multi-angle Analysis of Problems,6.5,0.0
Multi-angle Analysis of Problems,6.75,0.5
Multi-angle Analysis of Problems,7.0,0.0
Multi-angle Analysis of Problems,6.25,0.5
Multi-angle Analysis of Problems,6.5,0.0
Multi-angle Analysis of Problems,6.5,1.0
Multi-angle Analysis of Problems,6.25,0.5
Multi-angle Analysis of Problems,6.5,0.0
Multi-angle Analysis of Problems,6.5,-1.0
Multi-angle Analysis of Problems,7.25,0.5
Multi-angle Analysis of Problems,7.25,0.5
Multi-angle Analysis of Problems,6.75,-0.5
Multi-angle Analysis of Problems,6.75,-0.5
Multi-angle Analysis of Problems,6.25,0.5
Multi-angle Analysis of Problems,6.75,0.5
Multi-angle Analysis of Problems,6.75,0.5
Multi-angle Analysis of Problems,7.5,-1.0
Multi-angle Analysis of Problems,7.25,0.5
Multi-angle Analysis of Problems,6.5,1.0
Multi-angle Analysis of Problems,6.5,1.0
Multi-angle Analysis of Problems,6.25,0.5
Multi-angle Analysis of Problems,6.75,0.5
Multi-angle Analysis of Problems,7.0,1.0
Multi-angle Analysis of Problems,6.75,-0.5
Multi-angle Analysis of Problems,7.0,-1.0
Multi-angle Analysis of Problems,6.75,0.5
Multi-angle Analysis of Problems,7.5,0.0
Multi-angle Analysis of Problems,7.0,0.0
Multi-angle Analysis of Problems,6.25,-0.5
Multi-angle Analysis of Problems,7.0,0.0
Multi-angle Analysis of Problems,6.5,1.0
Multi-angle Analysis of Problems,6.75,0.5
Multi-angle Analysis of Problems,6.75,0.5
Multi-angle Analysis of Problems,6.0,1.0
Multi-angle Analysis of Problems,7.75,-0.5
Multi-angle Analysis of Problems,7.5,0.0
Multi-angle Analysis of Problems,7.5,0.0
Multi-angle Analysis of Problems,7.5,0.0
Multi-angle Analysis of Problems,7.0,0.0
Multi-angle Analysis of Problems,6.25,0.5
Multi-angle Analysis of Problems,7.25,0.5
Multi-angle Analysis of Problems,7.0,0.0
Multi-angle Analysis of Problems,6.5,0.0
Multi-angle Analysis of Problems,6.25,0.5
Multi-angle Analysis of Problems,6.75,0.5
Multi-angle Analysis of Problems,7.0,0.0
Multi-angle Analysis of Problems,7.25,-0.5
Multi-angle Analysis of Problems,6.5,-1.0
Multi-angle Analysis of Problems,7.25,0.5
Multi-angle Analysis of Problems,7.25,-0.5
Multi-angle Analysis of Problems,7.0,-1.0
Multi-angle Analysis of Problems,6.65,0.5
Multi-angle Analysis of Problems,6.5,0.0
Multi-angle Analysis of Problems,6.25,-0.5
Multi-angle Analysis of Problems,7.25,-0.5
Multi-angle Analysis of Problems,6.5,1.0
Multi-angle Analysis of Problems,7.25,0.5
Multi-angle Analysis of Problems,6.75,-0.5
Multi-angle Analysis of Problems,6.75,0.5
Multi-angle Analysis of Problems,7.25,0.5
Multi-angle Analysis of Problems,6.75,0.5
Multi-angle Analysis of Problems,7.25,-0.5
Multi-angle Analysis of Problems,7.25,-0.5
Multi-angle Analysis of Problems,6.9,-0.20000000000000018
Multi-angle Analysis of Problems,6.75,0.5
Multi-angle Analysis of Problems,7.0,0.0
Multi-angle Analysis of Problems,7.0,0.0
Multi-angle Analysis of Problems,6.75,-0.5
Multi-angle Analysis of Problems,7.75,-0.5
Multi-angle Analysis of Problems,7.25,-0.5
Multi-angle Analysis of Problems,6.25,0.5
Multi-angle Analysis of Problems,6.0,0.0
Multi-angle Analysis of Problems,7.2,0.40000000000000036
Multi-angle Analysis of Problems,7.25,0.5
Multi-angle Analysis of Problems,6.5,-1.0
Multi-angle Analysis of Problems,7.0,0.0
Multi-angle Analysis of Problems,5.75,0.5
Multi-angle Analysis of Problems,7.1,-0.6000000000000005
Multi-angle Analysis of Problems,7.0,0.0
Multi-angle Analysis of Problems,7.0,0.0
Multi-angle Analysis of Problems,6.75,0.5
Multi-angle Analysis of Problems,6.75,0.5
Multi-angle Analysis of Problems,6.75,0.5
Multi-angle Analysis of Problems,8.0,-1.0
Multi-angle Analysis of Problems,6.25,0.5
Multi-angle Analysis of Problems,7.25,-0.5
Multi-angle Analysis of Problems,7.0,1.0
Multi-angle Analysis of Problems,6.5,1.0
Multi-angle Analysis of Problems,6.25,0.5
Multi-angle Analysis of Problems,6.25,0.5
Multi-angle Analysis of Problems,6.25,0.5
Multi-angle Analysis of Problems,6.25,0.5
Multi-angle Analysis of Problems,7.0,0.0
Multi-angle Analysis of Problems,7.0,-1.0
Multi-angle Analysis of Problems,6.75,0.5
Multi-angle Analysis of Problems,7.0,1.0
Multi-angle Analysis of Problems,6.75,0.5
Multi-angle Analysis of Problems,7.5,-1.0
Multi-angle Analysis of Problems,6.25,0.5
Multi-angle Analysis of Problems,8.75,-0.5
Multi-angle Analysis of Problems,7.25,0.5
Multi-angle Analysis of Problems,6.9,-0.20000000000000018
Multi-angle Analysis of Problems,6.25,0.5
Multi-angle Analysis of Problems,7.25,-0.5
Multi-angle Analysis of Problems,7.25,-0.5
Multi-angle Analysis of Problems,6.25,0.5
Multi-angle Analysis of Problems,6.5,1.0
Multi-angle Analysis of Problems,8.0,-1.0
Multi-angle Analysis of Problems,6.75,-0.5
Multi-angle Analysis of Problems,6.75,-0.5
Multi-angle Analysis of Problems,6.75,-0.5
Multi-angle Analysis of Problems,7.75,-0.5
Multi-angle Analysis of Problems,7.0,-1.0
Multi-angle Analysis of Problems,6.75,0.5
Multi-angle Analysis of Problems,7.0,-1.0
Multi-angle Analysis of Problems,6.75,0.5
Multi-angle Analysis of Problems,7.25,-0.5
Multi-angle Analysis of Problems,7.0,0.0
Multi-angle Analysis of Problems,5.75,0.5
Multi-angle Analysis of Problems,7.25,0.5
Multi-angle Analysis of Problems,7.5,-1.0
Multi-angle Analysis of Problems,6.75,0.5
Multi-angle Analysis of Problems,6.5,0.0
Multi-angle Analysis of Problems,6.25,0.5
Multi-angle Analysis of Problems,6.75,-0.5
Multi-angle Analysis of Problems,7.25,0.5
Multi-angle Analysis of Problems,6.75,0.5
Multi-angle Analysis of Problems,6.25,0.5
Multi-angle Analysis of Problems,6.25,0.5
Multi-angle Analysis of Problems,7.25,-0.5
Multi-angle Analysis of Problems,6.75,-0.5
Multi-angle Analysis of Problems,6.5,0.0
Multi-angle Analysis of Problems,7.5,-1.0
Multi-angle Analysis of Problems,6.75,0.5
Multi-angle Analysis of Problems,6.25,0.5
Multi-angle Analysis of Problems,7.25,-0.5
Multi-angle Analysis of Problems,7.25,0.5
Multi-angle Analysis of Problems,7.0,-1.0
Multi-angle Analysis of Problems,6.0,1.0
Multi-angle Analysis of Problems,6.25,1.5
Multi-angle Analysis of Problems,6.75,-0.5
Multi-angle Analysis of Problems,7.0,0.0
Multi-angle Analysis of Problems,7.25,-0.5
Multi-angle Analysis of Problems,6.75,0.5
Multi-angle Analysis of Problems,6.0,1.0
Multi-angle Analysis of Problems,6.25,0.5
Multi-angle Analysis of Problems,6.75,-0.5
Multi-angle Analysis of Problems,7.25,0.5
Multi-angle Analysis of Problems,6.25,0.5
Multi-angle Analysis of Problems,7.0,0.0
Multi-angle Analysis of Problems,7.0,0.0
Multi-angle Analysis of Problems,6.75,-0.09999999999999964
Multi-angle Analysis of Problems,6.25,0.5
Multi-angle Analysis of Problems,6.75,0.5
Multi-angle Analysis of Problems,6.75,0.5
Multi-angle Analysis of Problems,6.25,-0.5
Multi-angle Analysis of Problems,7.0,0.0
Multi-angle Analysis of Problems,6.5,1.0
Multi-angle Analysis of Problems,7.25,0.5
Multi-angle Analysis of Problems,6.75,-0.5
Multi-angle Analysis of Problems,6.25,-0.5
Multi-angle Analysis of Problems,6.5,1.0
Multi-angle Analysis of Problems,7.25,0.5
Multi-angle Analysis of Problems,6.0,1.0
Multi-angle Analysis of Problems,5.75,0.5
Multi-angle Analysis of Problems,6.5,1.0
Multi-angle Analysis of Problems,6.75,0.5
Multi-angle Analysis of Problems,7.25,0.5
Multi-angle Analysis of Problems,6.25,0.5
Multi-angle Analysis of Problems,8.0,-1.0
Multi-angle Analysis of Problems,6.5,0.0
Multi-angle Analysis of Problems,8.0,-1.0
Multi-angle Analysis of Problems,6.75,0.5
Multi-angle Analysis of Problems,6.25,0.5
Multi-angle Analysis of Problems,6.75,0.5
Multi-angle Analysis of Problems,7.0,-1.0
Multi-angle Analysis of Problems,6.5,0.0
Multi-angle Analysis of Problems,6.25,0.5
Multi-angle Analysis of Problems,6.75,0.5
Multi-angle Analysis of Problems,7.5,-1.0
Multi-angle Analysis of Problems,6.25,0.5
Multi-angle Analysis of Problems,6.75,0.5
Multi-angle Analysis of Problems,6.0,0.0
Multi-angle Analysis of Problems,6.5,-1.0
Multi-angle Analysis of Problems,7.0,0.0
Multi-angle Analysis of Problems,6.5,0.0
Multi-angle Analysis of Problems,7.0,1.0
Multi-angle Analysis of Problems,6.75,0.5
Multi-angle Analysis of Problems,6.75,-0.5
Multi-angle Analysis of Problems,6.75,0.5
Multi-angle Analysis of Problems,7.0,1.0
Multi-angle Analysis of Problems,,
Multi-angle Analysis of Problems,6.25,0.5
Multi-angle Analysis of Problems,6.25,0.5
Multi-angle Analysis of Problems,6.75,-0.5
Multi-angle Analysis of Problems,8.0,-1.0
Multi-angle Analysis of Problems,6.5,1.0
Multi-angle Analysis of Problems,7.25,0.5
Multi-angle Analysis of Problems,8.0,-1.0
Multi-angle Analysis of Problems,6.75,0.5
Multi-angle Analysis of Problems,7.25,-0.5
Multi-angle Analysis of Problems,7.0,1.0
Multi-angle Analysis of Problems,7.0,0.0
Multi-angle Analysis of Problems,7.0,0.0
Multi-angle Analysis of Problems,7.0,0.0
Multi-angle Analysis of Problems,7.0,0.0
Multi-angle Analysis of Problems,7.0,0.0
Multi-angle Analysis of Problems,7.25,-0.5
Multi-angle Analysis of Problems,6.5,0.0
Multi-angle Analysis of Problems,7.75,-0.5
Multi-angle Analysis of Problems,7.0,0.0
Multi-angle Analysis of Problems,7.25,0.5
Multi-angle Analysis of Problems,6.75,0.5
Multi-angle Analysis of Problems,7.0,0.0
Multi-angle Analysis of Problems,7.25,0.5
Multi-angle Analysis of Problems,6.75,0.5
Multi-angle Analysis of Problems,7.75,-0.5
Multi-angle Analysis of Problems,7.75,-0.5
Multi-angle Analysis of Problems,6.25,-0.5
Multi-angle Analysis of Problems,7.5,-1.0
Multi-angle Analysis of Problems,6.75,-0.5
Multi-angle Analysis of Problems,7.0,1.0
Multi-angle Analysis of Problems,6.75,0.5
Multi-angle Analysis of Problems,7.0,-1.0
Multi-angle Analysis of Problems,7.0,0.0
Multi-angle Analysis of Problems,6.5,1.0
Multi-angle Analysis of Problems,7.0,0.0
Multi-angle Analysis of Problems,7.0,0.0
Multi-angle Analysis of Problems,7.25,-0.5
Multi-angle Analysis of Problems,7.25,-0.5
Multi-angle Analysis of Problems,6.25,-0.5
Multi-angle Analysis of Problems,7.75,-0.5
Multi-angle Analysis of Problems,6.75,-0.5
Multi-angle Analysis of Problems,8.0,-1.0
Multi-angle Analysis of Problems,7.0,1.0
Multi-angle Analysis of Problems,7.0,-1.0
Multi-angle Analysis of Problems,6.75,-0.5
Multi-angle Analysis of Problems,6.25,0.5
Multi-angle Analysis of Problems,6.25,0.5
Multi-angle Analysis of Problems,6.5,1.0
Multi-angle Analysis of Problems,7.0,0.0
Multi-angle Analysis of Problems,7.75,-0.5
Multi-angle Analysis of Problems,6.25,-0.5
Multi-angle Analysis of Problems,6.75,0.5
Multi-angle Analysis of Problems,6.75,0.5
Multi-angle Analysis of Problems,6.25,0.5
Multi-angle Analysis of Problems,7.0,0.0
Multi-angle Analysis of Problems,7.0,-1.0
Multi-angle Analysis of Problems,6.25,0.5
Multi-angle Analysis of Problems,8.0,1.0
Multi-angle Analysis of Problems,7.25,0.5
Multi-angle Analysis of Problems,7.2,0.5999999999999996
Multi-angle Analysis of Problems,7.25,0.5
Multi-angle Analysis of Problems,6.75,0.5
Multi-angle Analysis of Problems,7.0,-1.0
Multi-angle Analysis of Problems,6.0,1.0
Multi-angle Analysis of Problems,7.0,-1.0
Multi-angle Analysis of Problems,6.25,-0.5
Multi-angle Analysis of Problems,6.25,0.5
Multi-angle Analysis of Problems,7.25,-0.5
Multi-angle Analysis of Problems,6.75,0.5
Multi-angle Analysis of Problems,7.25,0.5
Multi-angle Analysis of Problems,8.0,-1.0
Multi-angle Analysis of Problems,7.5,0.0
Multi-angle Analysis of Problems,7.75,-0.5
Multi-angle Analysis of Problems,7.0,-1.0
Multi-angle Analysis of Problems,6.75,-0.5
Multi-angle Analysis of Problems,6.25,0.5
Multi-angle Analysis of Problems,7.25,0.5
Multi-angle Analysis of Problems,7.0,0.0
Multi-angle Analysis of Problems,7.0,0.0
Multi-angle Analysis of Problems,6.75,0.5
Multi-angle Analysis of Problems,7.0,0.0
Multi-angle Analysis of Problems,7.0,0.0
Multi-angle Analysis of Problems,6.75,0.5
Multi-angle Analysis of Problems,6.75,0.5
Multi-angle Analysis of Problems,7.25,-0.5
Multi-angle Analysis of Problems,6.75,0.5
Multi-angle Analysis of Problems,6.75,0.5
Multi-angle Analysis of Problems,6.0,0.0
Multi-angle Analysis of Problems,6.75,-0.5
Multi-angle Analysis of Problems,7.0,0.0
Multi-angle Analysis of Problems,7.5,0.0
Multi-angle Analysis of Problems,7.75,-0.5
Multi-angle Analysis of Problems,6.75,0.5
Multi-angle Analysis of Problems,6.25,0.5
Multi-angle Analysis of Problems,7.25,-0.5
Multi-angle Analysis of Problems,7.0,0.0
Multi-angle Analysis of Problems,6.75,0.5
Multi-angle Analysis of Problems,6.75,0.5
Multi-angle Analysis of Problems,6.75,0.5
Multi-angle Analysis of Problems,6.5,-1.0
Multi-angle Analysis of Problems,6.75,0.5
Multi-angle Analysis of Problems,6.25,0.5
Multi-angle Analysis of Problems,6.75,0.5
Multi-angle Analysis of Problems,7.25,-0.5
Multi-angle Analysis of Problems,6.75,0.5
Multi-angle Analysis of Problems,6.75,0.5
Multi-angle Analysis of Problems,6.25,0.5
Multi-angle Analysis of Problems,6.75,-0.5
Multi-angle Analysis of Problems,6.75,0.5
Multi-angle Analysis of Problems,6.5,0.0
Multi-angle Analysis of Problems,7.25,0.5
Multi-angle Analysis of Problems,6.75,0.5
Multi-angle Analysis of Problems,6.75,-0.5
Multi-angle Analysis of Problems,7.0,0.0
Multi-angle Analysis of Problems,7.5,-1.0
Multi-angle Analysis of Problems,7.0,0.0
Multi-angle Analysis of Problems,6.75,0.5
Multi-angle Analysis of Problems,6.75,-1.5
Multi-angle Analysis of Problems,6.5,0.0
Multi-angle Analysis of Problems,6.5,1.0
Multi-angle Analysis of Problems,6.25,0.5
Multi-angle Analysis of Problems,6.5,0.0
Multi-angle Analysis of Problems,6.75,0.5
Multi-angle Analysis of Problems,7.25,-0.5
Multi-angle Analysis of Problems,6.0,1.0
Multi-angle Analysis of Problems,6.75,-0.5
Multi-angle Analysis of Problems,6.25,0.5
Multi-angle Analysis of Problems,7.25,0.5
Multi-angle Analysis of Problems,7.0,0.0
Multi-angle Analysis of Problems,6.75,0.5
Multi-angle Analysis of Problems,7.0,-1.0
Multi-angle Analysis of Problems,7.25,-0.5
Multi-angle Analysis of Problems,7.0,0.0
Multi-angle Analysis of Problems,6.5,1.0
Multi-angle Analysis of Problems,6.75,0.5
Multi-angle Analysis of Problems,6.75,0.5
Multi-angle Analysis of Problems,6.25,0.5
Multi-angle Analysis of Problems,6.25,0.5
Multi-angle Analysis of Problems,7.75,-0.5
Multi-angle Analysis of Problems,7.5,-1.0
Multi-angle Analysis of Problems,6.75,0.5
Multi-angle Analysis of Problems,6.75,0.5
Multi-angle Analysis of Problems,6.5,1.0
Multi-angle Analysis of Problems,7.25,0.5
Multi-angle Analysis of Problems,7.0,1.0
Multi-angle Analysis of Problems,6.75,0.5
Multi-angle Analysis of Problems,6.25,-0.5
Multi-angle Analysis of Problems,7.25,0.5
Multi-angle Analysis of Problems,7.75,-1.5
Multi-angle Analysis of Problems,6.5,1.0
Multi-angle Analysis of Problems,6.75,-0.5
Multi-angle Analysis of Problems,6.75,0.5
Multi-angle Analysis of Problems,7.5,0.0
Multi-angle Analysis of Problems,6.5,0.0
Multi-angle Analysis of Problems,7.25,0.5
Multi-angle Analysis of Problems,6.5,1.0
Multi-angle Analysis of Problems,6.75,0.5
Multi-angle Analysis of Problems,6.75,0.5
Multi-angle Analysis of Problems,7.0,0.0
Multi-angle Analysis of Problems,7.5,-1.0
Multi-angle Analysis of Problems,6.75,0.5
Multi-angle Analysis of Problems,7.75,-0.5
Multi-angle Analysis of Problems,6.75,0.5
Multi-angle Analysis of Problems,7.25,-0.5
Multi-angle Analysis of Problems,6.75,0.5
Multi-angle Analysis of Problems,7.0,-1.0
Multi-angle Analysis of Problems,6.75,-0.5
Multi-angle Analysis of Problems,6.75,-0.5
Multi-angle Analysis of Problems,7.5,0.0
Multi-angle Analysis of Problems,6.25,0.5
Multi-angle Analysis of Problems,6.25,0.5
Multi-angle Analysis of Problems,7.25,-0.5
Multi-angle Analysis of Problems,7.25,-0.5
Multi-angle Analysis of Problems,5.5,1.0
Multi-angle Analysis of Problems,7.25,0.5
Multi-angle Analysis of Problems,6.75,0.5
Multi-angle Analysis of Problems,6.0,1.0
Multi-angle Analysis of Problems,7.75,-0.5
Multi-angle Analysis of Problems,7.0,0.0
Multi-angle Analysis of Problems,6.5,0.0
Multi-angle Analysis of Problems,8.0,-1.0
Multi-angle Analysis of Problems,6.75,0.5
Multi-angle Analysis of Problems,6.25,0.5
Multi-angle Analysis of Problems,6.25,0.5
Multi-angle Analysis of Problems,6.75,0.5
Multi-angle Analysis of Problems,7.25,-0.5
Multi-angle Analysis of Problems,7.25,-0.5
Multi-angle Analysis of Problems,6.5,-1.0
Multi-angle Analysis of Problems,6.75,0.5
Multi-angle Analysis of Problems,7.0,-1.0
Multi-angle Analysis of Problems,6.75,0.5
Multi-angle Analysis of Problems,6.25,0.5
Multi-angle Analysis of Problems,5.75,0.5
Multi-angle Analysis of Problems,6.75,-0.5
Multi-angle Analysis of Problems,7.75,-0.5
Multi-angle Analysis of Problems,6.5,1.0
Multi-angle Analysis of Problems,6.5,1.0
Multi-angle Analysis of Problems,6.25,0.5
Multi-angle Analysis of Problems,6.5,1.0
Multi-angle Analysis of Problems,7.25,0.5
Multi-angle Analysis of Problems,6.5,0.0
Multi-angle Analysis of Problems,6.5,0.0
Multi-angle Analysis of Problems,6.75,0.09999999999999964
Multi-angle Analysis of Problems,6.25,0.5
Multi-angle Analysis of Problems,7.5,0.0
Multi-angle Analysis of Problems,7.699999999999999,-0.20000000000000018
Multi-angle Analysis of Problems,6.75,0.5
Multi-angle Analysis of Problems,7.75,-0.5
Multi-angle Analysis of Problems,6.25,0.5
Multi-angle Analysis of Problems,6.5,0.0
Multi-angle Analysis of Problems,6.5,1.0
Multi-angle Analysis of Problems,6.5,1.0
Multi-angle Analysis of Problems,6.75,-0.5
Multi-angle Analysis of Problems,7.0,-1.0
Multi-angle Analysis of Problems,6.25,0.5
Multi-angle Analysis of Problems,7.75,-0.5
Multi-angle Analysis of Problems,6.75,-0.5
Multi-angle Analysis of Problems,7.25,-0.5
Multi-angle Analysis of Problems,7.25,-0.5
Multi-angle Analysis of Problems,6.75,0.5
Multi-angle Analysis of Problems,7.25,0.5
Multi-angle Analysis of Problems,7.25,-0.5
Multi-angle Analysis of Problems,7.25,-0.5
Multi-angle Analysis of Problems,7.75,-0.5
Multi-angle Analysis of Problems,7.0,0.0
Multi-angle Analysis of Problems,6.5,0.0
Multi-angle Analysis of Problems,6.5,1.0
Multi-angle Analysis of Problems,6.5,0.0
Multi-angle Analysis of Problems,6.75,-0.5
Multi-angle Analysis of Problems,7.0,0.0
Multi-angle Analysis of Problems,6.5,1.0
Multi-angle Analysis of Problems,6.75,0.5
Multi-angle Analysis of Problems,6.25,-0.5
Multi-angle Analysis of Problems,7.25,0.5
Multi-angle Analysis of Problems,6.5,1.0
Multi-angle Analysis of Problems,6.0,1.0
Multi-angle Analysis of Problems,7.5,-1.0
Multi-angle Analysis of Problems,6.5,0.0
Multi-angle Analysis of Problems,6.5,-1.0
Multi-angle Analysis of Problems,6.75,0.5
Multi-angle Analysis of Problems,7.25,-0.5
Multi-angle Analysis of Problems,6.5,0.0
Multi-angle Analysis of Problems,6.5,0.0
Multi-angle Analysis of Problems,6.5,1.0
Multi-angle Analysis of Problems,6.75,-0.5
Multi-angle Analysis of Problems,7.5,-1.0
Multi-angle Analysis of Problems,6.75,0.5
Multi-angle Analysis of Problems,6.75,-0.5
Multi-angle Analysis of Problems,6.75,-0.5
Multi-angle Analysis of Problems,7.0,-1.0
Multi-angle Analysis of Problems,6.25,0.5
Multi-angle Analysis of Problems,5.75,0.5
Multi-angle Analysis of Problems,7.0,0.0
Multi-angle Analysis of Problems,7.5,0.0
Multi-angle Analysis of Problems,6.75,-0.5
Multi-angle Analysis of Problems,7.25,0.5
Multi-angle Analysis of Problems,7.0,0.0
Multi-angle Analysis of Problems,7.0,-1.0
Multi-angle Analysis of Problems,6.75,0.5
Multi-angle Analysis of Problems,6.75,-0.5
Multi-angle Analysis of Problems,6.25,0.5
Multi-angle Analysis of Problems,7.25,0.5
Multi-angle Analysis of Problems,7.25,0.5
Multi-angle Analysis of Problems,8.0,-1.0
Multi-angle Analysis of Problems,6.75,0.5
Multi-angle Analysis of Problems,6.5,1.0
Multi-angle Analysis of Problems,6.75,0.5
Multi-angle Analysis of Problems,7.5,-1.0
Multi-angle Analysis of Problems,7.0,1.0
Multi-angle Analysis of Problems,7.0,-1.0
Multi-angle Analysis of Problems,6.75,-0.5
Multi-angle Analysis of Problems,7.25,-0.5
Multi-angle Analysis of Problems,8.0,-1.0
Multi-angle Analysis of Problems,7.75,-0.5
Multi-angle Analysis of Problems,6.5,-1.0
Multi-angle Analysis of Problems,6.75,0.5
Multi-angle Analysis of Problems,6.25,0.5
Multi-angle Analysis of Problems,7.25,-0.5
Multi-angle Analysis of Problems,6.5,1.0
Multi-angle Analysis of Problems,7.25,-0.5
Multi-angle Analysis of Problems,7.5,0.0
Multi-angle Analysis of Problems,7.25,-0.5
Multi-angle Analysis of Problems,7.25,-0.5
Multi-angle Analysis of Problems,6.75,-0.5
Multi-angle Analysis of Problems,6.25,0.5
Multi-angle Analysis of Problems,6.5,0.0
Multi-angle Analysis of Problems,6.75,0.5
Multi-angle Analysis of Problems,6.5,0.0
Multi-angle Analysis of Problems,6.75,-0.5
Multi-angle Analysis of Problems,6.75,0.5
Multi-angle Analysis of Problems,6.75,-0.5
Multi-angle Analysis of Problems,6.25,0.5
Multi-angle Analysis of Problems,6.25,0.5
Multi-angle Analysis of Problems,7.25,-0.5
Multi-angle Analysis of Problems,7.25,-0.5
Multi-angle Analysis of Problems,6.0,1.0
Multi-angle Analysis of Problems,6.25,0.5
Multi-angle Analysis of Problems,7.75,-1.5
Multi-angle Analysis of Problems,7.25,0.5
Multi-angle Analysis of Problems,6.75,0.5
Multi-angle Analysis of Problems,6.25,0.5
Multi-angle Analysis of Problems,6.75,-0.5
Multi-angle Analysis of Problems,7.25,0.5
Multi-angle Analysis of Problems,6.75,0.5
Multi-angle Analysis of Problems,6.75,0.5
Multi-angle Analysis of Problems,7.0,-1.0
Multi-angle Analysis of Problems,6.75,-0.5
Multi-angle Analysis of Problems,6.75,0.5
Multi-angle Analysis of Problems,6.75,-0.5
Multi-angle Analysis of Problems,6.25,0.5
Multi-angle Analysis of Problems,6.5,1.0
Identification and Discussion of Research Limitations,5.25,0.5
Identification and Discussion of Research Limitations,6.0,0.0
Identification and Discussion of Research Limitations,6.0,0.0
Identification and Discussion of Research Limitations,5.6,0.0
Identification and Discussion of Research Limitations,6.5,1.0
Identification and Discussion of Research Limitations,5.949999999999999,0.2999999999999998
Identification and Discussion of Research Limitations,5.5,1.0
Identification and Discussion of Research Limitations,6.25,0.5
Identification and Discussion of Research Limitations,5.75,0.5
Identification and Discussion of Research Limitations,5.75,0.5
Identification and Discussion of Research Limitations,5.75,-0.5
Identification and Discussion of Research Limitations,5.5,1.0
Identification and Discussion of Research Limitations,6.25,-0.5
Identification and Discussion of Research Limitations,5.75,0.5
Identification and Discussion of Research Limitations,8.0,-1.0
Identification and Discussion of Research Limitations,6.25,-0.5
Identification and Discussion of Research Limitations,5.75,0.5
Identification and Discussion of Research Limitations,6.5,0.0
Identification and Discussion of Research Limitations,6.0,0.0
Identification and Discussion of Research Limitations,5.75,-0.5
Identification and Discussion of Research Limitations,6.75,-0.5
Identification and Discussion of Research Limitations,5.25,0.5
Identification and Discussion of Research Limitations,7.0,-1.0
Identification and Discussion of Research Limitations,6.75,-0.5
Identification and Discussion of Research Limitations,5.75,0.5
Identification and Discussion of Research Limitations,5.5,1.0
Identification and Discussion of Research Limitations,5.75,0.5
Identification and Discussion of Research Limitations,5.75,0.5
Identification and Discussion of Research Limitations,7.0,-1.0
Identification and Discussion of Research Limitations,6.0,0.0
Identification and Discussion of Research Limitations,5.5,1.0
Identification and Discussion of Research Limitations,6.5,0.0
Identification and Discussion of Research Limitations,6.25,-0.5
Identification and Discussion of Research Limitations,6.25,0.5
Identification and Discussion of Research Limitations,5.5,1.0
Identification and Discussion of Research Limitations,5.75,0.5
Identification and Discussion of Research Limitations,6.0,0.0
Identification and Discussion of Research Limitations,6.5,0.0
Identification and Discussion of Research Limitations,6.25,-0.5
Identification and Discussion of Research Limitations,5.75,0.5
Identification and Discussion of Research Limitations,8.25,-0.5
Identification and Discussion of Research Limitations,6.0,0.0
Identification and Discussion of Research Limitations,6.5,-1.0
Identification and Discussion of Research Limitations,5.75,0.5
Identification and Discussion of Research Limitations,6.75,-0.5
Identification and Discussion of Research Limitations,6.75,-0.5
Identification and Discussion of Research Limitations,6.5,-1.0
Identification and Discussion of Research Limitations,5.5,0.0
Identification and Discussion of Research Limitations,6.25,0.5
Identification and Discussion of Research Limitations,6.0,0.0
Identification and Discussion of Research Limitations,5.75,0.5
Identification and Discussion of Research Limitations,6.0,0.0
Identification and Discussion of Research Limitations,5.5,1.0
Identification and Discussion of Research Limitations,5.25,0.5
Identification and Discussion of Research Limitations,5.5,0.0
Identification and Discussion of Research Limitations,7.0,-1.0
Identification and Discussion of Research Limitations,6.25,0.5
Identification and Discussion of Research Limitations,6.25,0.5
Identification and Discussion of Research Limitations,6.25,-0.5
Identification and Discussion of Research Limitations,5.75,-0.5
Identification and Discussion of Research Limitations,5.25,0.5
Identification and Discussion of Research Limitations,6.25,0.5
Identification and Discussion of Research Limitations,6.25,0.5
Identification and Discussion of Research Limitations,7.0,-1.0
Identification and Discussion of Research Limitations,6.25,0.5
Identification and Discussion of Research Limitations,5.5,1.0
Identification and Discussion of Research Limitations,5.75,0.5
Identification and Discussion of Research Limitations,5.75,0.5
Identification and Discussion of Research Limitations,5.75,0.5
Identification and Discussion of Research Limitations,6.0,1.0
Identification and Discussion of Research Limitations,6.25,-0.5
Identification and Discussion of Research Limitations,6.25,0.5
Identification and Discussion of Research Limitations,6.25,0.5
Identification and Discussion of Research Limitations,6.5,0.0
Identification and Discussion of Research Limitations,6.0,0.0
Identification and Discussion of Research Limitations,5.75,-0.5
Identification and Discussion of Research Limitations,6.5,0.0
Identification and Discussion of Research Limitations,6.0,1.0
Identification and Discussion of Research Limitations,5.75,0.5
Identification and Discussion of Research Limitations,6.25,0.5
Identification and Discussion of Research Limitations,5.5,1.0
Identification and Discussion of Research Limitations,7.75,-0.5
Identification and Discussion of Research Limitations,6.5,0.0
Identification and Discussion of Research Limitations,6.5,0.0
Identification and Discussion of Research Limitations,7.0,-1.0
Identification and Discussion of Research Limitations,6.0,0.0
Identification and Discussion of Research Limitations,5.75,0.5
Identification and Discussion of Research Limitations,6.25,0.5
Identification and Discussion of Research Limitations,6.0,0.0
Identification and Discussion of Research Limitations,6.5,0.0
Identification and Discussion of Research Limitations,5.75,0.5
Identification and Discussion of Research Limitations,6.25,0.5
Identification and Discussion of Research Limitations,6.0,0.0
Identification and Discussion of Research Limitations,6.75,-0.5
Identification and Discussion of Research Limitations,5.5,-1.0
Identification and Discussion of Research Limitations,6.25,0.5
Identification and Discussion of Research Limitations,6.25,-0.5
Identification and Discussion of Research Limitations,6.25,-0.5
Identification and Discussion of Research Limitations,6.2,0.40000000000000036
Identification and Discussion of Research Limitations,6.0,0.0
Identification and Discussion of Research Limitations,5.75,-0.5
Identification and Discussion of Research Limitations,6.25,-0.5
Identification and Discussion of Research Limitations,6.0,1.0
Identification and Discussion of Research Limitations,6.25,0.5
Identification and Discussion of Research Limitations,6.25,-0.5
Identification and Discussion of Research Limitations,6.25,0.5
Identification and Discussion of Research Limitations,6.25,0.5
Identification and Discussion of Research Limitations,5.75,0.5
Identification and Discussion of Research Limitations,6.75,-0.5
Identification and Discussion of Research Limitations,6.75,-0.5
Identification and Discussion of Research Limitations,6.35,-0.10000000000000053
Identification and Discussion of Research Limitations,5.75,0.5
Identification and Discussion of Research Limitations,6.0,0.0
Identification and Discussion of Research Limitations,6.5,0.0
Identification and Discussion of Research Limitations,5.75,-0.5
Identification and Discussion of Research Limitations,6.75,-0.5
Identification and Discussion of Research Limitations,6.75,-0.5
Identification and Discussion of Research Limitations,5.25,0.5
Identification and Discussion of Research Limitations,6.0,0.0
Identification and Discussion of Research Limitations,6.0,0.40000000000000036
Identification and Discussion of Research Limitations,6.25,0.5
Identification and Discussion of Research Limitations,6.0,-1.0
Identification and Discussion of Research Limitations,6.0,0.0
Identification and Discussion of Research Limitations,5.25,0.5
Identification and Discussion of Research Limitations,6.8,-0.5999999999999996
Identification and Discussion of Research Limitations,6.0,0.0
Identification and Discussion of Research Limitations,6.0,0.0
Identification and Discussion of Research Limitations,5.75,0.5
Identification and Discussion of Research Limitations,5.75,0.5
Identification and Discussion of Research Limitations,6.25,0.5
Identification and Discussion of Research Limitations,8.0,-1.0
Identification and Discussion of Research Limitations,5.75,0.5
Identification and Discussion of Research Limitations,6.75,-0.5
Identification and Discussion of Research Limitations,6.75,1.5
Identification and Discussion of Research Limitations,5.5,1.0
Identification and Discussion of Research Limitations,5.25,0.5
Identification and Discussion of Research Limitations,5.75,0.5
Identification and Discussion of Research Limitations,5.75,0.5
Identification and Discussion of Research Limitations,5.25,0.5
Identification and Discussion of Research Limitations,6.25,-0.5
Identification and Discussion of Research Limitations,6.5,-1.0
Identification and Discussion of Research Limitations,6.25,0.5
Identification and Discussion of Research Limitations,6.75,0.5
Identification and Discussion of Research Limitations,5.75,0.5
Identification and Discussion of Research Limitations,7.0,-1.0
Identification and Discussion of Research Limitations,5.75,0.5
Identification and Discussion of Research Limitations,8.75,-0.5
Identification and Discussion of Research Limitations,6.25,0.5
Identification and Discussion of Research Limitations,6.25,-0.5
Identification and Discussion of Research Limitations,5.75,0.5
Identification and Discussion of Research Limitations,6.75,-0.5
Identification and Discussion of Research Limitations,6.25,-0.5
Identification and Discussion of Research Limitations,5.75,0.5
Identification and Discussion of Research Limitations,5.5,1.0
Identification and Discussion of Research Limitations,7.0,-1.0
Identification and Discussion of Research Limitations,6.25,-0.5
Identification and Discussion of Research Limitations,6.25,-0.5
Identification and Discussion of Research Limitations,6.25,-0.5
Identification and Discussion of Research Limitations,6.75,-0.5
Identification and Discussion of Research Limitations,6.5,-1.0
Identification and Discussion of Research Limitations,5.75,0.5
Identification and Discussion of Research Limitations,6.25,-0.5
Identification and Discussion of Research Limitations,6.25,0.5
Identification and Discussion of Research Limitations,6.25,-0.5
Identification and Discussion of Research Limitations,6.0,0.0
Identification and Discussion of Research Limitations,5.25,0.5
Identification and Discussion of Research Limitations,6.25,0.5
Identification and Discussion of Research Limitations,6.5,-1.0
Identification and Discussion of Research Limitations,5.75,0.5
Identification and Discussion of Research Limitations,5.5,0.0
Identification and Discussion of Research Limitations,5.75,0.5
Identification and Discussion of Research Limitations,6.25,-0.5
Identification and Discussion of Research Limitations,6.25,0.5
Identification and Discussion of Research Limitations,6.25,0.5
Identification and Discussion of Research Limitations,5.75,0.5
Identification and Discussion of Research Limitations,5.25,0.5
Identification and Discussion of Research Limitations,6.75,-0.5
Identification and Discussion of Research Limitations,6.25,-0.5
Identification and Discussion of Research Limitations,5.5,0.0
Identification and Discussion of Research Limitations,6.5,-1.0
Identification and Discussion of Research Limitations,5.75,0.5
Identification and Discussion of Research Limitations,4.75,0.5
Identification and Discussion of Research Limitations,6.75,-0.5
Identification and Discussion of Research Limitations,6.75,-0.5
Identification and Discussion of Research Limitations,5.5,-1.0
Identification and Discussion of Research Limitations,5.0,1.0
Identification and Discussion of Research Limitations,5.0,2.0
Identification and Discussion of Research Limitations,6.25,-0.5
Identification and Discussion of Research Limitations,6.75,-0.5
Identification and Discussion of Research Limitations,6.25,-0.5
Identification and Discussion of Research Limitations,5.75,0.5
Identification and Discussion of Research Limitations,5.5,1.0
Identification and Discussion of Research Limitations,5.75,0.5
Identification and Discussion of Research Limitations,6.75,-0.5
Identification and Discussion of Research Limitations,6.25,0.5
Identification and Discussion of Research Limitations,6.25,0.5
Identification and Discussion of Research Limitations,6.0,0.0
Identification and Discussion of Research Limitations,6.0,0.0
Identification and Discussion of Research Limitations,5.85,-0.10000000000000053
Identification and Discussion of Research Limitations,5.75,0.5
Identification and Discussion of Research Limitations,5.75,0.5
Identification and Discussion of Research Limitations,5.75,0.5
Identification and Discussion of Research Limitations,5.25,-0.5
Identification and Discussion of Research Limitations,6.0,0.0
Identification and Discussion of Research Limitations,5.5,1.0
Identification and Discussion of Research Limitations,6.25,0.5
Identification and Discussion of Research Limitations,6.25,-0.5
Identification and Discussion of Research Limitations,5.75,-0.5
Identification and Discussion of Research Limitations,5.5,1.0
Identification and Discussion of Research Limitations,6.25,0.5
Identification and Discussion of Research Limitations,5.5,1.0
Identification and Discussion of Research Limitations,5.25,0.5
Identification and Discussion of Research Limitations,5.5,1.0
Identification and Discussion of Research Limitations,6.25,0.5
Identification and Discussion of Research Limitations,6.25,0.5
Identification and Discussion of Research Limitations,5.25,0.5
Identification and Discussion of Research Limitations,8.0,-1.0
Identification and Discussion of Research Limitations,6.0,0.0
Identification and Discussion of Research Limitations,8.25,-0.5
Identification and Discussion of Research Limitations,6.25,0.5
Identification and Discussion of Research Limitations,5.75,0.5
Identification and Discussion of Research Limitations,6.25,0.5
Identification and Discussion of Research Limitations,6.0,1.0
Identification and Discussion of Research Limitations,5.5,0.0
Identification and Discussion of Research Limitations,5.25,0.5
Identification and Discussion of Research Limitations,6.25,0.5
Identification and Discussion of Research Limitations,6.75,-0.5
Identification and Discussion of Research Limitations,5.75,0.5
Identification and Discussion of Research Limitations,5.75,0.5
Identification and Discussion of Research Limitations,5.5,0.0
Identification and Discussion of Research Limitations,7.0,-1.0
Identification and Discussion of Research Limitations,6.0,0.0
Identification and Discussion of Research Limitations,6.0,0.0
Identification and Discussion of Research Limitations,6.0,1.0
Identification and Discussion of Research Limitations,5.75,0.5
Identification and Discussion of Research Limitations,6.75,-0.5
Identification and Discussion of Research Limitations,6.25,0.5
Identification and Discussion of Research Limitations,6.0,1.0
Identification and Discussion of Research Limitations,,
Identification and Discussion of Research Limitations,5.25,0.5
Identification and Discussion of Research Limitations,5.75,0.5
Identification and Discussion of Research Limitations,6.25,-0.5
Identification and Discussion of Research Limitations,7.0,-1.0
Identification and Discussion of Research Limitations,5.5,1.0
Identification and Discussion of Research Limitations,6.25,0.5
Identification and Discussion of Research Limitations,7.0,-1.0
Identification and Discussion of Research Limitations,6.25,0.5
Identification and Discussion of Research Limitations,6.75,-0.5
Identification and Discussion of Research Limitations,6.0,1.0
Identification and Discussion of Research Limitations,6.0,0.0
Identification and Discussion of Research Limitations,6.0,0.0
Identification and Discussion of Research Limitations,6.0,0.0
Identification and Discussion of Research Limitations,6.25,-0.5
Identification and Discussion of Research Limitations,6.25,-0.5
Identification and Discussion of Research Limitations,6.75,-0.5
Identification and Discussion of Research Limitations,6.0,0.0
Identification and Discussion of Research Limitations,6.75,-0.5
Identification and Discussion of Research Limitations,6.0,0.0
Identification and Discussion of Research Limitations,6.25,0.5
Identification and Discussion of Research Limitations,6.25,0.5
Identification and Discussion of Research Limitations,6.0,0.0
Identification and Discussion of Research Limitations,6.25,0.5
Identification and Discussion of Research Limitations,5.75,0.5
Identification and Discussion of Research Limitations,7.75,-0.5
Identification and Discussion of Research Limitations,6.25,-0.5
Identification and Discussion of Research Limitations,6.25,0.5
Identification and Discussion of Research Limitations,7.0,-1.0
Identification and Discussion of Research Limitations,5.75,-0.5
Identification and Discussion of Research Limitations,6.0,1.0
Identification and Discussion of Research Limitations,5.75,0.5
Identification and Discussion of Research Limitations,6.75,-0.5
Identification and Discussion of Research Limitations,6.0,0.0
Identification and Discussion of Research Limitations,5.5,1.0
Identification and Discussion of Research Limitations,6.0,0.0
Identification and Discussion of Research Limitations,6.5,0.0
Identification and Discussion of Research Limitations,6.75,-0.5
Identification and Discussion of Research Limitations,6.75,-0.5
Identification and Discussion of Research Limitations,5.75,-0.5
Identification and Discussion of Research Limitations,6.75,-0.5
Identification and Discussion of Research Limitations,5.75,0.5
Identification and Discussion of Research Limitations,8.0,-1.0
Identification and Discussion of Research Limitations,6.0,1.0
Identification and Discussion of Research Limitations,7.0,-1.0
Identification and Discussion of Research Limitations,5.75,-0.5
Identification and Discussion of Research Limitations,5.75,0.5
Identification and Discussion of Research Limitations,5.25,0.5
Identification and Discussion of Research Limitations,5.5,1.0
Identification and Discussion of Research Limitations,6.0,0.0
Identification and Discussion of Research Limitations,6.75,-0.5
Identification and Discussion of Research Limitations,5.75,-0.5
Identification and Discussion of Research Limitations,5.75,0.5
Identification and Discussion of Research Limitations,6.25,0.5
Identification and Discussion of Research Limitations,5.25,0.5
Identification and Discussion of Research Limitations,6.5,0.0
Identification and Discussion of Research Limitations,6.25,-0.5
Identification and Discussion of Research Limitations,5.75,0.5
Identification and Discussion of Research Limitations,8.0,1.0
Identification and Discussion of Research Limitations,6.25,0.5
Identification and Discussion of Research Limitations,6.55,0.5
Identification and Discussion of Research Limitations,6.25,0.5
Identification and Discussion of Research Limitations,6.25,0.5
Identification and Discussion of Research Limitations,7.0,-1.0
Identification and Discussion of Research Limitations,5.5,1.0
Identification and Discussion of Research Limitations,6.5,-1.0
Identification and Discussion of Research Limitations,5.25,-0.5
Identification and Discussion of Research Limitations,6.25,0.5
Identification and Discussion of Research Limitations,6.75,-0.5
Identification and Discussion of Research Limitations,6.25,0.5
Identification and Discussion of Research Limitations,6.75,0.5
Identification and Discussion of Research Limitations,8.0,-1.0
Identification and Discussion of Research Limitations,6.5,0.0
Identification and Discussion of Research Limitations,6.75,-0.5
Identification and Discussion of Research Limitations,6.5,-1.0
Identification and Discussion of Research Limitations,6.25,-0.5
Identification and Discussion of Research Limitations,5.25,0.5
Identification and Discussion of Research Limitations,6.25,0.5
Identification and Discussion of Research Limitations,6.0,0.0
Identification and Discussion of Research Limitations,6.25,0.5
Identification and Discussion of Research Limitations,5.75,0.5
Identification and Discussion of Research Limitations,6.0,0.0
Identification and Discussion of Research Limitations,6.0,0.0
Identification and Discussion of Research Limitations,6.25,0.5
Identification and Discussion of Research Limitations,5.75,0.5
Identification and Discussion of Research Limitations,6.75,-0.5
Identification and Discussion of Research Limitations,6.25,0.5
Identification and Discussion of Research Limitations,5.75,0.5
Identification and Discussion of Research Limitations,5.0,0.0
Identification and Discussion of Research Limitations,6.25,-0.5
Identification and Discussion of Research Limitations,6.5,0.0
Identification and Discussion of Research Limitations,6.5,0.0
Identification and Discussion of Research Limitations,7.25,-0.5
Identification and Discussion of Research Limitations,6.25,0.5
Identification and Discussion of Research Limitations,5.25,0.5
Identification and Discussion of Research Limitations,6.75,-0.5
Identification and Discussion of Research Limitations,6.0,0.0
Identification and Discussion of Research Limitations,5.75,0.5
Identification and Discussion of Research Limitations,5.75,0.5
Identification and Discussion of Research Limitations,5.75,0.5
Identification and Discussion of Research Limitations,6.75,-0.5
Identification and Discussion of Research Limitations,6.25,0.5
Identification and Discussion of Research Limitations,5.75,0.5
Identification and Discussion of Research Limitations,5.75,0.5
Identification and Discussion of Research Limitations,6.75,-0.5
Identification and Discussion of Research Limitations,6.25,0.5
Identification and Discussion of Research Limitations,5.75,0.5
Identification and Discussion of Research Limitations,5.75,0.5
Identification and Discussion of Research Limitations,6.25,-0.5
Identification and Discussion of Research Limitations,5.75,0.5
Identification and Discussion of Research Limitations,6.5,0.0
Identification and Discussion of Research Limitations,6.25,0.5
Identification and Discussion of Research Limitations,5.75,0.5
Identification and Discussion of Research Limitations,6.75,-0.5
Identification and Discussion of Research Limitations,6.0,0.0
Identification and Discussion of Research Limitations,6.25,0.5
Identification and Discussion of Research Limitations,6.0,0.0
Identification and Discussion of Research Limitations,5.75,0.5
Identification and Discussion of Research Limitations,6.5,-1.0
Identification and Discussion of Research Limitations,5.5,0.0
Identification and Discussion of Research Limitations,5.5,1.0
Identification and Discussion of Research Limitations,5.25,0.5
Identification and Discussion of Research Limitations,6.5,0.0
Identification and Discussion of Research Limitations,5.75,0.5
Identification and Discussion of Research Limitations,6.75,-0.5
Identification and Discussion of Research Limitations,5.5,1.0
Identification and Discussion of Research Limitations,6.25,-0.5
Identification and Discussion of Research Limitations,5.25,0.5
Identification and Discussion of Research Limitations,6.25,0.5
Identification and Discussion of Research Limitations,6.25,-0.5
Identification and Discussion of Research Limitations,5.75,0.5
Identification and Discussion of Research Limitations,6.25,-0.5
Identification and Discussion of Research Limitations,6.75,-0.5
Identification and Discussion of Research Limitations,6.0,0.0
Identification and Discussion of Research Limitations,5.5,1.0
Identification and Discussion of Research Limitations,5.75,0.5
Identification and Discussion of Research Limitations,6.25,0.5
Identification and Discussion of Research Limitations,5.75,0.5
Identification and Discussion of Research Limitations,5.5,1.0
Identification and Discussion of Research Limitations,6.75,-0.5
Identification and Discussion of Research Limitations,7.0,-1.0
Identification and Discussion of Research Limitations,6.25,0.5
Identification and Discussion of Research Limitations,5.75,0.5
Identification and Discussion of Research Limitations,5.5,1.0
Identification and Discussion of Research Limitations,6.25,0.5
Identification and Discussion of Research Limitations,6.0,1.0
Identification and Discussion of Research Limitations,5.75,0.5
Identification and Discussion of Research Limitations,5.75,-0.5
Identification and Discussion of Research Limitations,6.25,0.5
Identification and Discussion of Research Limitations,7.25,-1.5
Identification and Discussion of Research Limitations,5.5,1.0
Identification and Discussion of Research Limitations,6.25,-0.5
Identification and Discussion of Research Limitations,6.25,0.5
Identification and Discussion of Research Limitations,6.5,0.0
Identification and Discussion of Research Limitations,5.5,0.0
Identification and Discussion of Research Limitations,6.25,0.5
Identification and Discussion of Research Limitations,5.75,0.5
Identification and Discussion of Research Limitations,5.75,0.5
Identification and Discussion of Research Limitations,6.25,0.5
Identification and Discussion of Research Limitations,6.0,0.0
Identification and Discussion of Research Limitations,7.0,-1.0
Identification and Discussion of Research Limitations,6.25,0.5
Identification and Discussion of Research Limitations,6.75,-0.5
Identification and Discussion of Research Limitations,6.25,0.5
Identification and Discussion of Research Limitations,6.75,-0.5
Identification and Discussion of Research Limitations,6.25,0.5
Identification and Discussion of Research Limitations,6.0,-1.0
Identification and Discussion of Research Limitations,6.25,-0.5
Identification and Discussion of Research Limitations,6.0,0.0
Identification and Discussion of Research Limitations,6.75,-0.5
Identification and Discussion of Research Limitations,5.25,0.5
Identification and Discussion of Research Limitations,5.75,0.5
Identification and Discussion of Research Limitations,6.75,-0.5
Identification and Discussion of Research Limitations,5.75,0.5
Identification and Discussion of Research Limitations,5.0,1.0
Identification and Discussion of Research Limitations,6.25,0.5
Identification and Discussion of Research Limitations,6.25,0.5
Identification and Discussion of Research Limitations,5.5,1.0
Identification and Discussion of Research Limitations,6.75,-0.5
Identification and Discussion of Research Limitations,6.0,0.0
Identification and Discussion of Research Limitations,6.0,0.0
Identification and Discussion of Research Limitations,7.0,-1.0
Identification and Discussion of Research Limitations,6.25,0.5
Identification and Discussion of Research Limitations,5.25,0.5
Identification and Discussion of Research Limitations,5.75,0.5
Identification and Discussion of Research Limitations,5.75,0.5
Identification and Discussion of Research Limitations,6.25,-0.5
Identification and Discussion of Research Limitations,6.75,-0.5
Identification and Discussion of Research Limitations,6.0,0.0
Identification and Discussion of Research Limitations,5.75,0.5
Identification and Discussion of Research Limitations,6.5,-1.0
Identification and Discussion of Research Limitations,5.75,0.5
Identification and Discussion of Research Limitations,5.75,0.5
Identification and Discussion of Research Limitations,5.25,0.5
Identification and Discussion of Research Limitations,6.25,-0.5
Identification and Discussion of Research Limitations,6.25,-0.5
Identification and Discussion of Research Limitations,5.5,1.0
Identification and Discussion of Research Limitations,5.5,1.0
Identification and Discussion of Research Limitations,5.75,0.5
Identification and Discussion of Research Limitations,5.5,1.0
Identification and Discussion of Research Limitations,6.25,0.5
Identification and Discussion of Research Limitations,6.5,0.0
Identification and Discussion of Research Limitations,5.5,0.0
Identification and Discussion of Research Limitations,5.95,0.09999999999999964
Identification and Discussion of Research Limitations,5.25,0.5
Identification and Discussion of Research Limitations,6.5,0.0
Identification and Discussion of Research Limitations,6.8,-0.40000000000000036
Identification and Discussion of Research Limitations,6.25,0.5
Identification and Discussion of Research Limitations,6.75,-0.5
Identification and Discussion of Research Limitations,5.75,0.5
Identification and Discussion of Research Limitations,5.0,0.0
Identification and Discussion of Research Limitations,5.75,0.5
Identification and Discussion of Research Limitations,5.75,0.5
Identification and Discussion of Research Limitations,6.25,-0.5
Identification and Discussion of Research Limitations,6.5,-1.0
Identification and Discussion of Research Limitations,5.75,0.5
Identification and Discussion of Research Limitations,6.75,-0.5
Identification and Discussion of Research Limitations,6.25,-0.5
Identification and Discussion of Research Limitations,6.25,-0.5
Identification and Discussion of Research Limitations,6.25,-0.5
Identification and Discussion of Research Limitations,6.25,0.5
Identification and Discussion of Research Limitations,6.25,0.5
Identification and Discussion of Research Limitations,6.75,-0.5
Identification and Discussion of Research Limitations,6.75,-0.5
Identification and Discussion of Research Limitations,6.25,-0.5
Identification and Discussion of Research Limitations,6.0,0.0
Identification and Discussion of Research Limitations,6.0,0.0
Identification and Discussion of Research Limitations,5.5,1.0
Identification and Discussion of Research Limitations,5.5,0.0
Identification and Discussion of Research Limitations,6.25,-0.5
Identification and Discussion of Research Limitations,6.0,0.0
Identification and Discussion of Research Limitations,5.5,1.0
Identification and Discussion of Research Limitations,5.75,0.5
Identification and Discussion of Research Limitations,5.25,-0.5
Identification and Discussion of Research Limitations,6.25,0.5
Identification and Discussion of Research Limitations,5.75,0.5
Identification and Discussion of Research Limitations,5.5,1.0
Identification and Discussion of Research Limitations,7.0,-1.0
Identification and Discussion of Research Limitations,6.5,0.0
Identification and Discussion of Research Limitations,5.5,-1.0
Identification and Discussion of Research Limitations,5.75,0.5
Identification and Discussion of Research Limitations,6.75,-0.5
Identification and Discussion of Research Limitations,6.5,0.0
Identification and Discussion of Research Limitations,6.5,0.0
Identification and Discussion of Research Limitations,5.5,1.0
Identification and Discussion of Research Limitations,6.25,-0.5
Identification and Discussion of Research Limitations,6.5,-1.0
Identification and Discussion of Research Limitations,6.25,0.5
Identification and Discussion of Research Limitations,6.0,-1.0
Identification and Discussion of Research Limitations,6.25,-0.5
Identification and Discussion of Research Limitations,6.0,-1.0
Identification and Discussion of Research Limitations,5.75,0.5
Identification and Discussion of Research Limitations,4.75,0.5
Identification and Discussion of Research Limitations,6.0,0.0
Identification and Discussion of Research Limitations,7.5,0.0
Identification and Discussion of Research Limitations,6.25,-0.5
Identification and Discussion of Research Limitations,6.25,0.5
Identification and Discussion of Research Limitations,6.0,0.0
Identification and Discussion of Research Limitations,6.5,-1.0
Identification and Discussion of Research Limitations,6.5,-1.0
Identification and Discussion of Research Limitations,6.25,-0.5
Identification and Discussion of Research Limitations,5.75,0.5
Identification and Discussion of Research Limitations,6.25,0.5
Identification and Discussion of Research Limitations,6.25,0.5
Identification and Discussion of Research Limitations,6.5,-1.0
Identification and Discussion of Research Limitations,6.25,0.5
Identification and Discussion of Research Limitations,5.5,1.0
Identification and Discussion of Research Limitations,6.25,0.5
Identification and Discussion of Research Limitations,7.0,-1.0
Identification and Discussion of Research Limitations,6.0,1.0
Identification and Discussion of Research Limitations,6.5,-1.0
Identification and Discussion of Research Limitations,6.75,-0.5
Identification and Discussion of Research Limitations,6.75,-0.5
Identification and Discussion of Research Limitations,7.0,-1.0
Identification and Discussion of Research Limitations,6.75,-0.5
Identification and Discussion of Research Limitations,6.0,0.0
Identification and Discussion of Research Limitations,5.75,0.5
Identification and Discussion of Research Limitations,5.75,0.5
Identification and Discussion of Research Limitations,6.25,-0.5
Identification and Discussion of Research Limitations,5.5,1.0
Identification and Discussion of Research Limitations,6.75,-0.5
Identification and Discussion of Research Limitations,6.5,0.0
Identification and Discussion of Research Limitations,6.75,-0.5
Identification and Discussion of Research Limitations,6.25,-0.5
Identification and Discussion of Research Limitations,6.25,-0.5
Identification and Discussion of Research Limitations,5.75,0.5
Identification and Discussion of Research Limitations,5.5,0.0
Identification and Discussion of Research Limitations,5.75,0.5
Identification and Discussion of Research Limitations,6.0,0.0
Identification and Discussion of Research Limitations,6.25,-0.5
Identification and Discussion of Research Limitations,5.75,0.5
Identification and Discussion of Research Limitations,6.25,-0.5
Identification and Discussion of Research Limitations,5.75,0.5
Identification and Discussion of Research Limitations,5.75,0.5
Identification and Discussion of Research Limitations,6.75,-0.5
Identification and Discussion of Research Limitations,6.75,-0.5
Identification and Discussion of Research Limitations,5.5,1.0
Identification and Discussion of Research Limitations,5.75,0.5
Identification and Discussion of Research Limitations,7.75,-1.5
Identification and Discussion of Research Limitations,6.5,0.0
Identification and Discussion of Research Limitations,6.25,0.5
Identification and Discussion of Research Limitations,5.25,0.5
Identification and Discussion of Research Limitations,6.25,-0.5
Identification and Discussion of Research Limitations,6.25,0.5
Identification and Discussion of Research Limitations,5.75,0.5
Identification and Discussion of Research Limitations,5.5,1.0
Identification and Discussion of Research Limitations,6.5,-1.0
Identification and Discussion of Research Limitations,6.25,-0.5
Identification and Discussion of Research Limitations,5.75,0.5
Identification and Discussion of Research Limitations,5.75,-0.5
Identification and Discussion of Research Limitations,5.75,0.5
Identification and Discussion of Research Limitations,5.5,1.0
